/*--------------------------------*- C++ -*----------------------------------*\
| =========                 |                                                 |
| \\      /  F ield         | OpenFOAM: The Open Source CFD Toolbox           |
|  \\    /   O peration     | Version:  5.0                                   |
|   \\  /    A nd           | Web:      www.OpenFOAM.org                      |
|    \\/     M anipulation  |                                                 |
\*---------------------------------------------------------------------------*/
FoamFile
{
    version     2.0;
    format      ascii;
    class       volScalarField;
    location    "990";
    object      gradTy;
}
// * * * * * * * * * * * * * * * * * * * * * * * * * * * * * * * * * * * * * //

dimensions      [0 -1 0 1 0 0 0];

internalField   nonuniform List<scalar> 
5796
(
-1594167.61478
-2880.69551397
2886.32572622
715.826091557
-713.684652287
74094.0494183
-74377.9004904
-19834856.5726
17563502.037
21608540.4951
5066006.75862
18587527.1743
-3524189.74666
-1658048.1589
-3615.31081833
3614.79623525
3835652.28272
345585.734932
46.5031710579
-46.3565072777
-0.49164424636
0.492441791995
-9318832.73604
26589.3483311
-26810.3711021
-23511.3345807
-2075235.17081
-114544.476255
-57724.8495066
2175.8887746
-295.130879007
295.125011921
-3.32359881039
3.31420581574
-0.0746971346613
0.0748830302787
3129.34126472
-3125.15934117
-13542406.8377
-557619.945728
67.5926325994
-67.6265311094
13448449.8174
2265540.21437
-11069650.6361
-13640916.4377
419263.470855
1659671.17284
9.39172997285
-9.39559390564
18046.1792376
-18147.0710643
34231.6158687
-34309.6787185
667.78139306
-666.202072052
500.827971925
-501.005275008
-11680237.5343
23905.1296932
-227148.87939
1107305.31099
-424118.506596
52884.6715526
93486.9340605
5204473.00376
-15.1570424223
15.1088549694
5450725.9627
452000.372644
3700207.36164
-0.684600851972
0.686354146161
-32.8644285802
32.8852846115
-58467.6871453
-1852009.20966
-364939.449243
942.562752301
-942.366995534
335.693006318
-599334.358722
194.539202208
-194.413811825
46768.7989198
-48893.7801252
77.6671159602
-77.5374748778
2.13211080031
-2.13668654965
288561.523831
6.88365947757
-6.86247104099
3.22827395348
-3.22375139043
3984.68181662
-3988.40719995
97137.048469
-99529.7417343
375028.880535
1273948.31745
1644176.3727
-1057706.11317
3029663.89272
-918271.485701
1813502.65233
194499.232
1969188.91415
-0.90545193762
0.90587323803
-2985941.7235
2.09269024056
-2.09201357064
-18.1306630585
18.0634095882
-323941.10895
-1454783.51025
1179630.51399
-5293.58537404
5360.47534482
3.43506968425
-3.4326383512
1221851.68982
78643.4735454
1948053.60077
1864836.57638
-200059.865225
49.3952783854
-49.3514428885
-66.468735057
66.2039982921
-5459.59160064
5466.51323669
-0.545205969772
0.545293667173
100456.833823
12039.2125898
-26166.0147733
0.708368912847
-0.70745617754
-906634.314832
-636273.296234
-10733.2102594
-109239.393025
-16.1820833082
16.1262634138
-5671.80670318
-236.56123801
-1713.55579259
1715.3857891
1651963.47403
-1168235.62216
-25621345.1936
-10817463.569
-1476.73331007
1481.6820904
6965976.39995
1375334.9684
5316373.92379
-26479388.7259
9561558.88923
-110055.234638
109940.561477
252107.26123
-259205.381376
-7104698.47369
13185816.0711
-1593738.2588
4645595.66067
1974610.82074
462395.229626
-6796425.20015
-3764245.81268
-1049280.20952
7648637.88318
-1344.91699639
1349.34562847
-9070368.38867
7096125.34825
-2141247.00663
6455858.76247
1801732.53146
-2427543.04991
-4694520.7713
3777517.28269
-10951063.1007
-5308989.50129
-106094.946241
106088.225118
2.57821079277
-2.58923178579
5739961.00175
7206311.26775
-1179939.19309
7339315.28222
1941623.58329
4695566.65272
33007842.7934
-192.150361828
192.089138908
10922564.1156
1653681.65699
4004321.69894
-8537807.52981
-154069.267659
154078.614953
-2892268.06426
-496196.401858
-216.003535151
216.114020422
-44804.6634054
44780.5651516
9643816.84567
116.174815322
-116.252481919
1273943.16635
2699522.61865
-4119460.46997
-537059.590173
595955.650872
2234936.06227
-1831103.73043
359082.197666
-4469687.84915
-444657.077982
-10328394.0927
376.15534114
-375.577631467
-19416997.5715
194.989084978
-194.076984011
7557265.94613
7192852.15029
16703994.7693
-1521163.47208
-6231640.04116
-42856.5952074
42848.7892572
-2258459.67725
-3676654.32789
-86517.7717498
25035039.2997
4348044.57871
-1692898.44132
1126458.28444
-13312571.4547
-692208.905819
-1733355.54816
7399316.94221
-241.158177242
241.333160351
9757633.21298
-419.875675016
420.493852426
-33145.3859597
33130.8949621
3993.29514344
-3984.18727917
7163146.51585
-5140825.1435
6515950.82104
-5505681.49416
-4928323.0149
-3992379.45528
-777188.325555
3221139.30567
-5289111.59436
12269141.8958
-10303320.3519
3476970.02449
-13282180.9176
1461148.38347
7576831.02137
-13454679.8785
2.9402990946
-2.94665459642
6.06360121228
-6.06177454228
6116754.83075
-2.95378692781
2.95297287773
-200057.828343
5684861.67842
2173132.51762
-1677128.17182
1294243.88167
-1704133.69911
-4340270.30414
-9306560.42494
325768.419129
-358540.399061
-14084037.3707
750600.448992
-1618860.35001
17886712.1407
4032354.39231
192565.27032
-198365.820924
3670409.15507
-4259.83531615
4268.90530475
6274406.76799
-5634747.00707
-526045.1811
-4169.50884793
4178.92308298
9437908.32205
12855164.7402
-22830.9040652
22826.9127574
-239574.938391
-2587978.1969
6.4335899955
-6.41430491367
-294162.469197
5079629.10988
-8482437.03902
-273661.13458
275397.798196
1874985.54129
7362681.41809
1816.14933276
-1810.87614634
-2280.75085415
2287.14854659
6675383.51967
-1105354.19981
-57.8507229462
57.684359537
-5235885.24567
1266768.49803
-1447831.76937
-169497.101101
-2096631.76601
-8478684.33048
-469651.38846
464419.252826
1.37552432413
-1.36368171353
5589689.94331
11244649.7869
-60505.4113335
60511.7676111
493816.696717
6577795.58091
-7439394.28738
3951519.8675
-42968.5700736
42954.2278819
5447934.77571
8442424.7659
1240108.12394
6718968.64568
-3040790.89275
-4043997.27466
-2297163.42705
11036779.9733
-6333743.63078
1215923.6809
-22.8232884722
22.7819024533
6749171.97267
-1000363.81275
-7552.48564957
7563.68597947
-292018.62932
299202.545338
-4439123.16383
615.763412441
-614.00607379
980954.539393
4684661.41992
-4197352.21838
-1834762.67377
-698.559026698
700.219751987
1.91777911621
-1.90794272308
2885736.65075
9892053.4354
-2519285.55261
3786501.6755
-1468.15738493
1473.26184036
-3289889.09746
-523758.79334
-7017.34388274
6744.31094136
91.0461488342
-91.1478365587
1118923.46286
5317403.46356
-152521.74358
-2419250.52523
7537682.36165
-7066709.89764
7.09065595954
-7.09406910221
-2713093.07204
15.9704661099
-15.9844548666
9899218.15097
12370265.9495
9327120.94104
-3631.30702411
3639.39262862
-6.19508200777
6.19087696938
1597807.36259
7832160.75023
4356800.48151
-6461267.71234
6569661.79867
-133.739660051
133.544597376
8888818.5007
521.812486611
-519.853206527
47892.7183156
2051512.52848
-2255558.47883
-3470456.64264
-2563306.52482
-51740.7518334
51456.8024911
-2002356.65245
12434546.6723
-4576495.50803
-18137535.6646
-7525800.49906
5340630.30554
-4925208.45205
-572131.287248
-4283346.95259
182606.673072
9358538.59497
4986446.01618
4402520.86213
-7.33388818032
7.32014758393
-1628.11645823
1633.57632148
4399837.26223
6470887.29617
-7715635.61703
9736822.29022
-4680864.19237
-11749034.4238
4277574.97956
-177285.335835
-512407.659395
489278.732024
-5108922.20641
4554663.65271
-2358276.90393
-26204.1251424
26202.6023359
0.452348531166
-0.451314435058
-752830.66163
-8039832.94927
6.41864626165
-6.48891125152
319112.482672
8321386.13507
7926281.63396
-8136218.07284
5763444.38949
-3380056.27531
-7362430.48356
-7568626.66953
-5162289.97168
-5322772.05293
11577407.4141
6257109.79246
-3007.11096393
3011.64955016
-1755502.05475
-26198.3638279
26202.6101482
5950854.83483
-680.293095999
682.090491679
2102.03013764
-2095.70110445
-3621138.87965
6109979.80893
11605763.7112
-422797.602622
382863.714674
-7456236.92988
-19.0188356132
18.9882583217
-2070068.68975
13434430.5443
-15605490.98
-142306.19615
4202070.25273
4487737.26324
-1757713.78744
-44493.219133
44510.4633387
-1564548.04438
-24349.7019881
24346.9706347
1493654.64668
-1509632.24816
4104194.96746
1381629.20083
3151992.06851
-5867186.8556
571.426550412
-569.68736689
-20001.9551888
19947.4992163
-17902470.9746
-2629982.99711
3757196.5432
-65614.8530427
65627.5508774
2924039.20408
4593128.92399
-256786.844506
255442.786552
5.68820087619
-5.66645624014
-4280401.91438
3795654.54673
-108093.091982
-5935355.46018
11.5647435906
-11.5664710955
-3809354.74828
-6794345.63857
-1982.37473197
1988.5712503
-5972288.3159
302.701359719
-301.786402237
6032896.46399
-2524111.51818
34318498.8156
-798.417610547
800.491295268
4501547.84255
8115741.20641
6562337.24342
-3514374.03769
-8382829.82707
-10286361.9645
1586.22906288
-1581.26718096
-1259953.80831
10773790.3368
865650.194467
-15591348.7651
566540.054279
265320.228553
31129588.1424
6450602.25032
13794485.1021
1281954.33405
6373444.99122
5748508.80906
6302619.15341
8562089.50345
-440388.296518
-21.2921967396
21.2612187818
964575.424391
-707.456573891
709.041822186
-3204830.74028
-5754014.53462
2700882.15132
-35.9200211796
35.8445416762
1202965.22228
-3257854.1275
-27803848.1083
1675472.05401
1846968.93776
-2042580.6208
-4627433.4908
5419410.4997
5042089.45019
202.431173687
-201.619767956
-5991821.44415
-5035909.7568
-3127936.0334
-326937.066076
327165.870228
5882228.93607
-2149279.13226
12512193.4811
337823.466943
-1916627.80994
-545043.210152
4612822.0228
-85.9316816906
85.6931822899
11162080.5105
-10512468.7503
446863.755911
9201449.05705
5827360.2341
-4693242.08608
-5919132.7664
-42.6029126156
42.4814683351
598120.917755
-11197733.0736
-3026881.94003
5.23414287729
-5.23325104248
-169.233653086
169.150217907
-22134.7555496
22137.2978089
-6615821.50884
1637367.04964
1814917.46711
-3362.0494316
3371.55392397
-17694891.505
586470.760947
16051463.0535
-551993.234337
137.56202672
-137.538688395
13403079.1842
5248430.05251
7015.35698614
11274227.4571
-4271629.02467
-9540526.04405
1515425.12655
-311017.921478
293909.470281
-3795.39715172
3799.06266642
-2284.27744522
2291.80072556
1617196.91527
-6627524.38928
3382362.76715
-796.72613777
799.1019048
3776591.49996
3750969.18129
9.19820786041
-9.19382303091
-15932746.4535
-4161489.77703
-4539769.364
-1496546.31732
4415655.11398
-281386.082494
13439521.2483
-9526991.51267
-10734090.8544
-1333203.11861
-3913565.27502
-38636.857479
38644.2682966
-16937.2378869
16945.803168
149068.343183
-7594007.97454
12217356.9083
3804204.80003
-1544244.7224
-665247.576828
1294820.79503
10120731.2098
-301997.616754
2136028.57625
-588.205727462
589.535845586
-9086824.36467
-341285.6881
9580734.0795
7986754.86939
-1522241.97214
-3607686.0706
-7402.22647408
7411.78794444
-4838223.1473
5115089.57084
10899618.0398
-1483215.99926
-3009269.44054
-2300174.15128
-11493.6986944
11503.8674318
-0.5911334483
0.601166696642
-595519.144483
7234465.91823
5074230.01222
-10147141.0919
-36266.5119551
36255.0161234
3484417.31375
-10802036.8856
4444996.28562
-18674.406249
18625.910062
-3875881.08027
2.26862919348
-2.27004492274
-10233647.6739
2125316.16576
-3654143.55581
-5336350.8642
30.5896841603
-30.6493255154
846671.764268
4901316.50762
6579960.0855
-1322327.00708
-15924673.9244
-12684.0537016
12692.4229395
-679707.247226
3728667.72051
-20587931.096
64.5852530446
-64.6084185389
5.67775145985
-5.74235390436
3182242.60296
-555830.368553
-4776443.65603
626221.542419
-7787103.25468
9.2257037794
-9.22964953045
-5360073.41707
7684647.52694
15552702.9435
-9601312.01607
-9268794.92691
-1181970.05827
1381648.14547
1832337.02174
-193678.014349
4996802.80347
3285106.58089
-12301655.479
-2430854.1694
-8164260.03673
-7694.83195151
7699.18768899
-3819030.3924
-2075369.12579
283096.614229
5.31319990513
-5.30558638419
380737.637018
-5415690.70798
-1960948.87433
-2918882.3351
3886303.9898
2442586.00843
3002168.76439
6531923.82763
-13102103.9915
-7416902.65508
5476123.65362
-350.511291267
350.967735224
-3105722.04731
-3818003.5357
-13362308.6111
427633.190533
583567.390315
4043906.10948
25401.3776983
-25437.2702072
11531343.5363
-5800672.17729
13968212.374
2301393.95427
-899466.461254
-4558848.83672
-6893274.7976
8648810.59213
-2595562.53275
20855051.1134
-14.8118935136
14.7901434716
-111865.998038
-3397471.42114
8119218.52561
-12422.5321726
12432.5868946
8693567.67306
1178706.35036
-1365120.72536
15868053.9331
5148364.02214
-7391294.88887
-5915005.14019
9957775.03275
-29.9076541895
29.8302545002
-4071219.99079
-5376390.67059
1249.32120081
-1244.48901253
-2017849.62255
10769324.7693
-9148251.34972
-1508818.69143
-9173.23460089
9183.78425701
-1088491.85911
-8743826.95239
747592.674821
8449018.64042
-2346525.71708
-1110123.28649
-35406.4919758
35403.2864832
44.7079654366
-44.7646897276
644392.974642
4643066.06235
4577205.69896
7548135.41362
7023319.00411
4802176.15427
-1665874.09936
-11612584.7544
8365774.20102
-147613.882669
148241.255544
3436609.05505
-44.9641868292
44.8414391116
-5235354.2228
-9450053.71563
-20.3880584579
20.33996834
1721210.20599
-3698999.7785
3110511.90734
-11079469.1022
-6496555.53814
1744686.15006
12.0237493642
-12.0217403187
14802529.3889
2255771.45112
7588201.68089
5874255.03925
4323218.88367
-1509817.22435
12.3179570954
-12.3237096056
727251.525658
-374741.066866
9800364.82886
-616.30977531
617.699675156
8005717.13494
7583213.4502
-394986.554999
7627492.59386
-8935696.76898
4065236.17222
5059360.35727
-3568610.06662
-4333983.45295
4083461.96152
-13248687.0483
367.364506427
-364.109666991
4126185.08451
12271994.9692
5479524.43041
-24242.1747663
24247.4388548
-3887103.02353
8559054.84155
1931665.00944
964974.165578
-1357290.05535
4251307.47466
-21.437306018
21.3879377302
4054035.61148
-2133545.88034
18.4594446164
-18.4847119392
-5433941.56997
4013315.40439
2506436.74026
10584520.3421
1810996.38355
4013484.51498
7524301.91648
-13190497.6052
-10929132.1424
1559050.48222
-217.002150749
216.973176958
3503447.69877
-6215434.97833
255.194500662
-254.930714308
17413.277466
-17400.1999229
-5266344.76634
-13769855.9097
2095674.78569
-25240731.5901
136.763631361
-136.068715233
-5144548.18379
188009.504852
1713256.91966
-1323518.68278
-96919.7562675
96962.453379
485030.836743
7758924.50203
-4800008.51266
1318931.21223
5742154.09345
-507679.423575
9636942.4739
4017147.11949
-5960536.4951
2100469.37678
354696.959504
-4595091.84471
11536518.4903
6961746.40454
3430115.20665
4336506.63341
-6620932.76322
-1225356.6938
-100297.594227
100362.313308
6068224.82246
2071625.89838
-340069.367519
341337.314257
-3030868.39591
2059383.55507
-2757599.76021
-2603726.85962
4520768.0549
-1832535.85716
-1514909.98201
5180383.09457
4559692.78173
-18.8620678086
18.8302706655
-1575149.17154
12103157.7927
-8362745.57219
2158887.06836
-1132609.29108
-1454632.53952
4382057.56286
-8464562.14352
18.3280647982
-18.3501465165
-4181336.85732
-1036299.44695
-3637.14534615
3645.1170177
4386860.02556
10971821.8902
-54942.3943254
54935.6759825
3371424.99409
3210278.1606
3256562.92522
4990237.77399
2138993.22181
345390.63419
-376407.909598
7199824.21845
-6959509.66498
1051.03492208
-1047.26908881
6764404.87326
-400275.553732
397398.878378
952890.231186
-136065.109655
136241.299128
-2102335.13178
-9885887.06234
2656130.03057
1835045.59598
7420149.78186
164080.505875
760.690967141
-758.252579331
6159163.31002
-183.09845168
183.127154218
-1373275.10688
-5588294.59409
953476.629828
6528196.4722
-106.991305575
106.801892679
7121.53006112
-7115.19915349
-89.3722404727
89.2321719583
989946.882179
232080.296231
-2794884.88985
-20062.3272358
20067.4774284
900976.424754
-1017983.08551
9568190.2305
-8375168.06803
-356.753296995
357.165153323
1941714.02616
10.560300899
-10.5744024506
-26.1856261211
26.1042753533
7871339.78003
2209085.52783
-27889.7149549
27887.7173134
321452.203668
-320739.366116
4906075.37414
-4862758.76205
1725227.35639
-56709.1437223
56735.994928
-119944.578756
119822.407579
-4970829.21363
-8809779.09831
5141626.86816
-1925061.94473
-232716.404621
230325.749965
-45654.2156727
45626.4890545
-6246068.74977
840147.629291
2026223.43491
8738416.87144
-1082.96481177
1086.82829806
196179.098407
-3790752.76285
1141294.43673
-234.100069332
234.244958543
892977.484728
-2841670.84615
1154.71726157
-1149.45106633
-0.154067512949
0.162029484941
24.9420116719
-24.9996407746
-6145055.23369
1099.19814892
-1095.62540941
-2695065.13848
-15797.0521434
15801.3665384
-4094741.11047
493883.419862
2873805.72727
7599458.30837
9767888.95502
-6465139.27942
-2547976.20033
-7293.16443817
7304.26920443
-419.334341601
419.979192626
3454136.31833
-16854591.6398
-7833.56118512
7846.09977009
-11815.9592721
11827.0551222
-689304.381266
-5027635.09095
-2678739.88466
4956733.81922
-3717355.1321
-654283.758271
4656268.4898
-418323.729791
-51138.492219
51087.2066869
-868544.241363
801224.016002
-47629.487896
47598.9260646
-2980087.13965
-3813133.40462
36.9849043657
-37.0598015056
-180937.717064
850684.532226
3808351.30785
-26181.5857899
26182.9692741
-9137980.19437
-88.7367329851
88.6513187017
1290017.37282
2454908.97345
135.04802572
-135.108778601
-151104.211346
-5656906.78006
-858852.941632
-105293.173195
104904.153825
7734636.21735
-7998.91795991
8010.07598805
5501654.38484
6.30586237267
-6.31075968623
-11727235.6698
-201746.562301
202526.068051
364153.000039
-405232.787571
-11016538.9986
-5208417.03415
-3976926.54438
-2049023.31838
6813260.67189
-5695100.59876
5949219.96097
8473978.06735
-7188285.62651
-20.0314561144
19.9956859012
7971012.04998
-1996410.79098
-10519630.2955
4709985.69105
-6446477.25121
-9701678.28729
-10015625.9931
-1911897.47524
9612840.13151
-8924984.24324
-345535.825804
3086064.62204
-1315292.93926
-7093338.01175
-4511076.17931
3254824.49674
8107700.50868
1067.94994205
-1064.98087091
-7326223.72874
-89333.4758331
89366.6011633
-8199016.7342
-132094.513362
131067.901989
-5602460.85166
-23.8633754165
23.8099200108
-3326424.34858
-1759.6203608
1765.19304619
-2429240.43608
512435.37568
-99.2396820201
99.1322532685
-2305255.55186
-2768780.72848
6262908.09167
-9032387.06255
-2599175.30951
3299239.42047
-3575126.7581
-4076150.49586
-776737.098365
-10061224.3659
-683919.76009
746135.250294
4623021.28685
9583830.23287
1110317.67327
-290123.194099
288072.218369
-45128.4893471
45135.684281
4205510.83219
-3428153.94095
-2999.24625335
3008.04664795
7.08221692258
-7.06778562509
-9638159.2449
8448257.08706
8475972.68407
8.02330436587
-8.02623176799
-11135970.3713
769601.578284
-2361754.79285
-3424283.92105
3278778.33638
-1803471.09812
10115027.0621
654307.45315
-1259865.75002
-12171430.671
11.9878474345
-12.0172528384
-35931.6145092
35933.5695749
214.788710221
-213.995188004
12985350.4697
-714003.275306
3857689.56604
4626397.65473
-6272230.42368
3664362.59266
3050795.45089
-1593495.26333
2087392.62194
17.226379991
-17.2477062102
-11262960.5882
-9983054.52628
-9780011.83845
7604398.0701
-8579.7101287
8590.37203735
11026661.4059
-5757392.0663
-959770.102474
1065878.49888
1883618.21445
-842094.101512
826157.546969
-1519571.07339
505744.725512
-510644.888031
-3462232.64366
-6323861.45797
401289.195806
1499987.2104
-1072775.21514
704.39454696
-701.971634199
10164738.3631
-12254163.3664
-922827.599612
62663.7738984
-65296.7461575
-1692718.93947
-2504560.45739
6769334.13115
-1996.17296816
2001.97171089
-5481.90279133
5491.27956997
-4524040.3264
6709568.78915
20860013.5639
8131989.4814
5480052.37654
-215537.230271
752376.519985
-1983925.61136
-6797793.06506
10335379.7364
15023533.433
-9451791.28501
-6314.39560479
6221.62816552
-8888300.88766
6716874.7725
-12899.7460293
12909.5062101
-3464742.62349
572883.121743
-5.8619972327
5.80984434582
663672.777259
-299.35496802
299.558409854
-3128133.36917
8575979.23863
-7.6151494841
7.56278394332
-20.9102969398
20.864656022
3076434.77953
2254674.37652
-3374389.06263
-1489138.9345
-3774180.14477
6990143.49648
6.14123913704
-6.14949995935
-5050926.51197
-4377230.12136
16281260.1702
3336847.17202
-80.7254265473
80.5088154167
-9816341.53921
274119.417286
-600486.73185
7951645.93164
-2640541.12709
16579571.4429
5522079.80443
794722.093363
-12725266.3201
-4654128.59126
-737606.453254
-4629287.59603
6520396.55625
6227688.68435
3461407.99989
-50626440.7453
4812971.6399
5298927.79615
2991993.9552
-947916.439278
-5712464.30816
-9118542.98559
-11842530.1401
1618033.24652
8716962.4549
-8737120.65008
-3815.24080113
3819.05458482
-2043671.69003
-1619470.15294
8400377.73695
-3878.3700148
3884.3362401
-5052023.62221
14633096.8015
11509165.5958
7068516.09258
-11550.4936628
11533.57383
-4185645.0396
6321151.27309
3866963.85382
-4950956.67544
-2.02085747126
2.01930687963
13812583.652
4418854.89365
-2189435.69956
-1540412.36355
-7072318.35829
-20199284.5801
-3893125.24428
-1954061.77052
-514613.866969
1157175.07496
-8817.08736443
8826.95096147
-327100.322614
375655.256309
6669364.1153
13.7474392141
-13.8438373044
6.85887981937
-6.84040707571
4316201.47601
2210428.94623
24268041.123
429447.336887
-268258.597674
3588945.27735
7473067.03814
1407764.03135
-12684545.1469
-4228306.5932
-288194.69804
3369260.6346
6463957.99653
-2693477.59158
-489448.255046
2364355.50942
-151871.455134
-55057.7619532
55028.4133601
-2908860.82075
3917705.09938
-11538091.0983
-2689039.06946
5694398.89558
-9238231.9953
-4408882.69424
-10290.8699951
10301.0651257
-24782.5616618
24777.9070338
-1151785.35175
-1649595.55221
3108778.32965
648507.73036
2126741.03455
1288.23888557
-1283.79704635
-694273.867306
-98794.4971263
-570773.822856
557996.463659
-4573094.11327
-14304383.8738
1255774.4329
5947921.14318
1.8067431879
-1.86739943002
10076829.1273
-253141.833329
252958.077849
-8692139.39344
3194024.60463
760.081876148
-757.116668117
-17707.2375625
17713.6989799
3894091.711
-12546693.8973
2028546.78658
1900822.70941
-2830945.62411
-3627077.43932
536294.115083
13748398.4077
11857991.5905
4738737.84917
-13845389.461
-3583923.09876
-21334.7063838
21336.3864282
-80220.2011175
80231.1915793
-12756318.2203
-17.9129995446
17.8890690833
-2119453.88859
-20238415.4653
-6328849.72621
7773126.58458
-4283275.64321
1095318.43863
5341741.57508
-5134958.58129
-4815004.55862
-173.794722814
173.843645999
12413557.0196
11944860.5902
4325078.34935
-1869604.98766
5585102.26468
-16050265.3413
-4637.5570739
4648.3399553
-461607.97952
457564.591342
1697174.2687
11894.7670482
-11887.2489102
7150882.04195
1992376.57724
-35637.00446
35633.8168731
-2147878.24565
2505038.13493
-7463430.10695
-8702798.59578
-100251.023335
100137.582287
-2374244.23187
0.581744759862
-0.613674041019
-1414687.44683
-375940.305132
1987148.98238
-112820.654302
112646.120976
4962924.35955
-4779564.7762
3165927.76543
-2701993.73251
-7267842.15639
-2963754.06114
4073142.04333
-1815021.61284
-357688.02418
-4536921.42197
754716.505601
3913878.31401
6574885.95668
0.593875098766
-0.597063990484
1963127.95622
1535944.09511
1100113.10616
-2920417.64347
-66979.4167021
66904.6702492
-7084458.61593
-2723.19755892
2730.00196481
3038280.95159
2478838.34743
20681200.5781
39898625.9829
418211.440252
3960003.58255
-1724048.1022
7051758.14671
1258700.91689
-3783530.81347
-5103726.07501
1.2191641282
-1.21989642859
65549.6266313
-8623817.72487
3.68698149627
-3.67837510943
1444819.94667
-644.354004627
648.89770606
-6864569.69107
-5975.2549772
5983.77992028
3357782.94297
-5373252.65274
100768.560614
-102426.643204
3678696.1708
2545573.27712
611215.28753
-13672106.2444
-587869.757903
495034.605207
976531.929864
-10773565.2468
-2827807.70203
104.592286479
-104.0963813
4544985.94834
3410355.76117
627964.698777
-2358139.57094
321920.933977
871685.130505
619207.636512
1956651.48148
771350.368511
-700915.652643
-433.00518449
433.878630962
-6759090.81285
-5695143.61275
-8282798.55749
-1512897.43456
7529473.18069
-3172048.34441
-3666615.77889
11845976.0554
2934947.40853
-5726627.5424
-18913178.8856
-7273572.92258
-845852.419031
-186572.826352
186040.972354
-14193.177542
14202.7467408
-90.7935953071
90.5592513214
-81918.9140745
81962.8553046
6090541.07199
576099.875986
5910418.5888
10373153.532
-6423273.3375
4371668.40244
2408595.09763
-8012804.98276
430.9342983
-428.407934552
195810.529055
-914.777910363
917.263786567
-5882734.79795
-12788698.6504
535376.909621
-11881456.956
-1857831.48269
11746149.2607
-4296168.142
-89.196401038
89.0923332473
-21488353.5028
-7897875.33234
-269.227537105
269.345797546
349040.615828
3450714.3227
-3373559.6738
-2263063.74566
52.2624316731
-52.0884902949
-392.219189124
392.853929835
175026.609365
-1059064.75012
2310742.36585
13.3404922304
-13.3646149297
590035.496395
-3206945.74065
6828955.70622
4113020.769
-6616492.34182
-8751801.58463
1890636.99835
-211907.153277
-3036896.28809
-16086869.7528
-7454658.79701
-35.4219878187
35.3354326832
-2181194.05597
-1707246.14539
2879655.17931
-1742179.28026
1348957.47369
-0.703915687963
0.701858553752
5676011.57828
-2356002.95444
-2.2980179682
2.28189547366
227308.856135
-16654.9084086
16627.0067311
4543892.60749
5343977.00819
147.579002012
-147.587564873
-4.72909321559
4.72547665131
-12349499.0806
-2547953.18206
8083410.96373
14597414.4779
-3676541.93883
13.0059034451
-13.0094004855
-15746659.1379
-3808947.70112
1241481.8226
-12206969.1181
-2075747.03741
3091334.8644
-11283156.6678
-971615.890112
1735396.14711
5891400.04149
3909317.47333
23133180.5044
124575.980441
-131971.094483
5875347.35227
861173.344164
-5756303.39795
-1683013.35878
19790936.0365
2734483.56233
-5215002.80844
-6193617.61393
-9040226.22085
-9272.66165114
9284.85707708
4294733.90729
-15.722922795
15.6858192715
13686393.5801
12054030.0934
-3828413.72771
1501598.02378
-5993098.60282
-716249.788619
-246244.975509
-4419370.86856
-21481908.98
-27.1151112673
27.0430018752
-880651.525581
6622955.72114
-4015213.2342
6418353.16662
-3.10813607577
3.12526139665
593415.803864
2840569.26925
-8201000.70948
-231390.211408
-349.477250854
350.890579629
2203638.30897
20634137.2495
-88860.534667
88424.0412642
-4574189.3699
-1735521.01223
-6289547.10233
-746873.362929
807890.380394
9298874.01477
-5642133.29698
76563.8944342
1542587.31033
6964785.37813
1732099.03016
13100660.8523
-6282703.65403
-203763.286974
37095.6394122
6912708.60708
-463950.075367
639.777170306
-637.248483713
-5415936.20016
22802853.499
5.82183398481
-5.86349924858
-4511568.22284
259584.841097
-104486.977128
104437.759265
11938020.2518
-5337926.6098
-3406138.17661
-1006.49738984
1010.23582252
52667595.5917
-9856222.79189
2210179.10102
6.48944198642
-6.48196013584
-8949.44227647
8955.99015325
-6184970.37145
5255904.34158
-2638551.7646
1125785.92245
1323515.83101
525990.491074
-84.0620218805
41.58364429
-29.0408654824
28.9497316262
1317813.76285
-1415035.87664
8246007.94801
4376976.97441
-5735639.18598
2064915.4005
2440972.22414
-35.3129131854
35.2115070909
-8326944.18776
3166119.66727
-4222240.13092
820394.920464
-105250.966189
104555.203556
-3303656.9141
-4575786.06139
-96.1694622276
95.9665768917
-264929.908675
-3577.11050284
3585.24541649
-2760892.79038
-5605957.8072
-10258026.3685
173.674418095
-173.683260555
5618146.306
1845.76928461
-1840.23902181
923158.854177
-4759601.59054
-1764875.28797
1612.52263805
-1607.30539684
-4215199.74289
-1952991.70945
-10061547.615
-1548.26485339
1553.55406352
-40518.0025611
40535.345993
2487973.6503
300307.602375
553068.298196
-551051.561748
1358051.5209
2799354.67445
-93502.4487108
93608.0391169
1278.81008705
-1273.76094171
-5043157.57307
-3694490.83038
90356.6079337
330638.37238
3340647.68355
2171967.47224
5861285.38944
4896969.65762
-2320321.10577
-6567687.72324
-14292547.9535
-43.5005859046
43.3985126046
2646331.38844
7016144.10992
-9453.17445234
9458.66065896
5814829.97966
-469576.749566
-2424358.31674
-1118762.09774
-5460473.62687
11767568.36
-6368254.81084
2505824.66173
-595117.858801
3981962.36199
-4053001.83869
2836756.35962
-507.395816105
508.193946085
1987062.86024
6451504.84798
-20803.4430164
20807.4741407
31.6131649457
-31.6119060539
3767077.23632
8329625.90887
32.0748022508
-32.1722872324
-125567.689954
124155.373233
-44.9932462272
44.8780417931
-64.4586921955
64.3494502922
-26814732.9381
5116614.18761
-6115511.11075
-1019166.18569
2.18557331527
-2.18087032281
2845537.69471
-29078.2606
29077.0845163
8101579.3278
-1007398.43262
-5764.76120222
5769.12041972
-22288.0897353
22294.5791921
-77.1425642516
77.0318619561
1089855.20691
8013567.91835
946282.91324
149.622486449
-149.23709257
8278604.92459
-9028971.53147
-1737536.46236
-11775386.6023
-3266332.64017
-9209685.25367
9856749.63855
6574235.73169
-968233.309307
3934724.99529
-134985.997071
135432.206957
-1137406.38425
803016.383314
8.91125368678
-8.93588196428
1232253.1446
-6498600.47413
-8756264.81418
9.86290177108
-9.88748383601
1598918.79742
-22244906.0695
7364321.99761
-5073696.42383
-1151971.50458
6579511.44446
-2781727.261
-4842237.59345
-5760294.49585
7654769.13245
4758300.69089
4178776.48814
1000394.45243
-976.709937949
979.937480226
-0.133121898608
0.123772874895
704257.543968
-542169.166246
569916.924176
-4925867.05733
597.34236354
-595.083303562
-2103164.66136
3835527.4663
-22334485.8545
1574598.66395
-331684.838188
168.725342855
-167.89416093
-5453615.99112
-397.511631853
398.024347628
-52.488972211
52.3757503628
5364754.24291
2809385.76964
132.222515828
-132.246189131
4133956.39061
6297690.80413
14247037.9716
5288114.64802
-3291942.0347
10192040.1743
278978.231644
-300912.421064
10971744.147
3511010.84654
-325.183532018
325.586570215
7263916.30071
3842367.68391
-1586989.54294
-4511686.21911
-9890435.1634
1205212.31573
-6047198.74271
-6.07548558017
6.06432627371
-3.08123063279
3.07882474287
1797621.74798
-2573694.17412
-29229.142578
29232.2101586
-355560.006899
356762.733184
3374831.80232
-1716939.60447
1163.56021374
-1159.36896276
297729.137789
-8002290.87976
-65.2916409101
65.1034107297
-205445.412334
204930.981631
10.6269993045
-10.6514543376
48.9440376718
-49.052229057
-281489.956129
-6492608.17773
171153.128898
-7708319.48425
-430.647836205
431.107807641
460682.328511
-2301259.81516
185.081170322
-185.090201002
-979178.598461
5162296.90228
129752.720305
-132755.71568
-301815.129359
299281.806972
218821.266263
-601556.133461
596304.671209
7740521.92598
1923644.52421
6563789.03945
2825269.88368
-6541669.39479
-199.348073274
199.354876072
-941984.409313
1070723.35482
4859921.71492
-787722.103083
794451.036562
16.2226023018
-16.3290199751
3.54222707256
-3.54527068755
-5592353.56993
-25097481.6216
-5606462.12013
-5710041.827
-22050.532029
22056.3809545
5666273.77406
-4642879.17136
-17627922.9075
3.90799301356
-3.90926881885
16.7376448382
-16.7528276289
-1107630.3562
40.1748715157
-40.30925788
2700335.85485
662542.085732
-669667.684902
779953.74079
-10625026.0223
-2853361.25763
12762837.2032
-6597738.65688
6230764.28224
4875430.70854
3065706.61756
-9202716.56316
9975555.80133
1.80188613428
-1.76011780033
10586597.6046
1288761.02272
9425.70851985
-9421.50243373
-4209452.42998
669550.314546
-436.411474843
437.168136694
-8744.05839814
8750.86095688
-483262.808052
-42.6531966308
42.5589131685
-139947.261105
-41556.7054379
41537.6497798
9240391.00639
1421939.86553
1974160.15149
-2434401.47663
-622209.683244
-1351100.0254
-11394237.533
26336700.5724
-1834122.00227
-9303.48228008
9317.04790696
175313.213563
-643.244736636
645.283021667
5529911.93165
-1.32896696937
1.33030824077
4369248.41395
2433215.08648
4022002.63711
-5000034.51402
2072963.21598
-14.1879228748
14.1717116397
-3355042.44666
-158498.684135
158096.246578
1645860.17115
11496846.6186
-140.87562134
140.769809799
-5155835.07791
-0.744319821029
0.75478803642
7925505.79813
5776485.81137
31.4779894302
-31.5585631626
-1922287.99377
-23879.0110882
23881.0092456
-481.799502428
482.842129489
6229046.01048
-1942639.04573
-194022.057295
-34046.3553937
34047.6751965
-3412734.91262
-5533.00129948
5541.82932219
-239383.826132
-8323620.02074
-4069098.14972
3432872.44812
-4430732.3193
10373085.7835
-12989422.7716
-14716491.2671
608034.408148
1284058.61008
-1825.23587264
1827.77016173
-5573725.54545
-7231533.69024
-8.93093018392
8.9153352141
-4090961.85976
-49754.2396712
49734.9469517
-36.3049116575
36.2045838456
4464165.04391
-1252100.40934
-2591504.10405
-5558087.45329
5133172.83648
-11460860.9009
-3810178.84726
1546897.48562
-1353333.96463
-2247322.79984
-3865740.68835
2494493.89126
-46.5332928239
46.4456831006
-4846843.99797
9880123.91999
-31.3566324459
31.2869177749
-1157096.19455
-2819030.82564
-8508568.7449
1037.03298553
-1033.26488564
-1931783.79687
-9122501.39067
-38.8699790071
38.7631743863
850490.540722
-6819399.87943
-3830.82090852
3837.55109782
3564191.65911
-4596448.68317
1538075.77078
-3283189.94435
-12001222.6797
9891116.18998
11.5061342839
-11.5880373124
5736110.2388
10.997362686
-11.0729504684
-5602366.71583
-5.17307066366
5.1409469712
66.9479685622
-66.7383251206
-7100944.15515
-1082913.00254
-42475.5727901
42432.1404552
28549724.4579
-4250423.34131
2188508.80811
-6.08337054395
6.08098262632
4694685.13873
-13892564.0586
-4260534.49412
1405903.89377
-295.690806272
295.981202405
2790241.336
-320.039779157
320.544763403
-673553.357633
-6930726.08736
-7599766.02696
744630.555548
-714239.510855
4507444.55795
-1964767.5661
-2415166.23758
-3525284.52588
-3296333.92723
692100.961176
-3300203.26615
-15930997.024
850366.385414
-48.1937788998
48.0816176164
-7935194.64344
-5699313.96
-4664394.25681
129.321439731
-129.204456985
8470119.87838
-886992.816679
290.056101252
-289.754856479
-804433.341561
784169.030976
4127789.83858
-30.4555107908
30.3729713704
1619794.71923
-42915.3078951
42880.2019808
930916.874965
4965135.90041
7335203.12098
5773984.9312
-608697.986322
5786586.9776
-10856.7981297
10863.7213589
-62370.8477943
62095.4105928
-849514.146529
-3362409.55806
-6277496.42889
-1601887.34219
-3830724.34003
1445803.10467
185621.857385
5608195.66881
2697683.31409
-3779490.89536
32.0993577343
-32.2008066221
5121192.1504
2359154.78597
-267.919103425
268.109557578
-11482207.2542
-560341.810186
547910.995846
-3409381.08342
-11269050.7159
8573500.79309
-4645783.88292
-226162.118131
227408.243073
6690274.53189
-21076599.1515
-1066862.18925
12027187.4477
3686477.18417
-1418440.98591
-45.0436749221
44.9059861458
2655909.08698
50852.5342761
-51367.6250713
2133314.5177
-1953446.51228
-3543951.76808
-8325978.85434
1922721.12662
805.612050129
-800.925101199
-71.4559151235
71.3384043914
-2546988.20494
-8742883.35068
-2478588.36549
-18656.2147599
18668.7430839
-2648.30205568
2655.41445919
7194830.91616
9204722.67578
1079129.51852
-6935615.43618
-9666262.48479
-724494.030863
-4677256.30653
-5488257.03897
-5135041.3944
-322849.205707
3754.08269855
-3745.90252286
13094971.889
5052164.86219
-3174131.02967
10.2395187196
-10.2467797078
-2833104.19944
4572146.43525
-5707938.71804
6789678.12639
-59.0884422873
58.9372296894
-5847289.24184
15182077.408
-15284.6042019
15290.6757037
-10052.7550987
10063.5499926
17642853.9153
-1998658.56848
-243757.053215
-356499.221985
7214783.42835
-852.605419657
854.906794812
5107890.99154
7474827.46391
-17955687.4809
8304786.02559
9.97962456694
-10.0066391271
-121048.474408
120801.797388
-164970.405434
165317.236909
2192091.48096
1587857.01554
-5248128.63829
-7043326.9273
-15224396.6875
-4060342.64408
2323098.60484
5102068.7377
12293759.4551
-1715352.1081
4158970.8555
-0.765809334566
0.765842492304
-78.3999487014
78.3266208049
13921209.2298
2357476.66518
8033430.85673
1270280.52497
1508.26346742
-1503.21398669
-139468.428365
-19.3196435283
19.2636758484
7314149.94822
-339485.261966
16911514.3864
-664837.387248
686220.488641
1007769.30021
-124101.986597
123843.354384
1096718.85423
7762137.31825
-42.6455003897
42.5414843793
-1444211.19996
160819.910277
-182177.433373
10022640.9216
-2719955.46865
2094260.99133
7148631.64602
-2097598.47567
-2894461.5147
-2495941.77352
-8239861.50636
-1020.1445109
1023.19747594
8356995.17493
5750304.8426
8.43797083438
-8.45705534136
1.9350073344
-1.96266808579
15.6366304481
-15.6445809591
11619323.9305
12.3928949621
-12.3551458447
-4622.53673969
4630.00409518
-11572460.4157
2399275.11031
3630661.06558
-1150110.10451
1266908.3572
824580.380315
1509041.57543
6412122.92713
1186387.74297
9485343.48233
-1196171.78083
-594883.968181
-3570899.68545
-18685462.2668
14282911.2216
-249.767782345
250.372799982
749356.481202
-3271.69041626
3280.5411589
5090478.46664
-13196769.2264
-7197092.1934
-10009758.0564
1925730.28827
-5972534.52582
999349.369633
7132486.10129
4872193.83457
1460151.54424
223610.364363
-229968.031107
-703961.372489
680744.508887
-870850.06231
1731.22302286
-1725.59159256
269289.638926
5406924.53998
6549910.05908
-574283.686196
-14.7670462507
14.7460522654
10444839.2133
4137184.89844
8757942.17489
802439.512761
-539896.158976
-3745171.72208
14374913.8331
-347557.505921
-10214199.9292
-10284567.7988
7829408.57342
5129623.22047
2910767.619
6845628.57322
-8390258.51488
-4792960.52774
10496182.9793
-2940376.83673
17874741.7184
-1196872.73166
-2771131.06669
-29997.2261043
29998.2080107
-23044.7246172
23051.8864955
-2234612.5298
14368322.4089
8990598.37638
19680.6354899
-19836.6673566
-4327504.44909
117.985622894
-118.038997718
1729460.79173
4952974.50955
5479445.73784
-22753295.8093
-6967297.08547
3610607.51516
-7995290.24735
626.907019427
-703.108218319
-2840141.01212
6085848.80463
3018420.45315
-374845.193489
11371966.7544
2097496.47269
-877064.676699
-1592219.04411
1050632.4383
-33.0589227271
32.9643430538
9.90894554123
-9.91559824102
4802755.19878
7028965.68357
-7024636.58635
-118.126900657
117.885673093
10035748.6115
10352297.6588
642171.768217
-4389235.5494
-10114.6722381
10112.3961956
-2600163.3619
423461.898082
1582607.00926
-4863504.99191
304869.655844
9391564.72806
4554150.55185
167992.168493
7662592.74924
14655629.816
9040605.772
5168222.415
433.106482814
-431.282736191
-257033.11785
-3552.89773955
3561.10863536
-2340946.59666
-9242432.94094
10431031.5539
-4283753.2236
2943021.82925
169.608036189
-168.810842743
-1682955.42995
-2830306.41998
-4091566.38652
-9187903.21079
397.016765896
-395.551850194
8108702.07105
-20975793.6615
4300414.55124
2666380.71261
-13366.5214653
13374.4261358
-2204564.78271
-493951.376427
509391.018141
11358003.5876
-4792145.59207
5548022.19424
3751575.52468
-86188.5567303
86220.0550334
-1787038.27579
-2339638.43767
717693.820761
5714326.47783
-13192870.8421
6218292.60939
-3100755.59982
-3952.51629653
3953.33385973
1291686.70288
9841116.9278
4412230.73138
4224927.40854
1847007.606
-12072430.3916
-2508360.25557
-2308289.70199
-13871611.8312
-802832.631301
764233.93895
4767413.36663
-22.7253170577
22.6429104449
1338045.25911
-1923182.49891
-311.325904237
311.717528181
-9888380.17135
-3.25682427027
3.25961412377
3540923.59558
-22223963.5188
-16299804.0245
-3255505.51843
-14653.4381379
14660.4465857
-8008795.03305
-45330.7965664
-0.907699165379
0.893817828188
9543545.25458
-9622716.8757
-45.0147995596
45.0473832831
1382366.2813
499951.102116
-8612867.08942
-3694833.62534
-1141.04276553
1144.81546436
15047232.8913
-197762.322535
197258.326442
-2779298.8456
90073.173017
-90233.5604448
2548637.16712
6662306.13671
4163948.01428
-11538.1199632
11546.7581804
12357536.859
-1923954.98576
-21.4724338497
21.4391713314
-5832151.16993
16492417.3961
1769266.24145
4009300.41636
-1917664.85486
-11068258.8581
-7384.30688794
7393.73235717
-6393617.34302
-3966949.35353
-97205.5860639
97315.57263
2197457.58529
-6977038.42575
-1536297.09585
-826079.061242
872653.387763
3943347.57789
1744.14787663
-1737.30388785
-1109687.03842
-1764072.20864
3333182.64751
-1721660.04078
4846365.91858
-479165.607536
-3637110.36257
-3783748.8129
5639614.11802
-2649493.06824
36.1323211969
-36.2324788119
-2569693.01593
3.71724620217
-3.74065969954
1882388.82729
2187671.18179
-2769434.86753
3970078.37268
-468.580214398
469.472744368
4841137.05405
-270145.891903
2577074.28529
-57117.0644989
57107.8441998
-3134489.49775
-1216726.06892
-1148127.90155
-8817590.51195
-6559587.05507
-298631.681774
-7089685.63084
-1587.09236293
1592.77447385
-32925.8437456
32772.7649875
-1288259.81538
-339701.439365
335890.073224
-14607611.3284
351695.493103
-8835527.3475
-36481.5071059
36460.7096437
98385.9655033
-3911899.0332
921616.609927
8407633.42758
-18776.8850098
18767.3007227
-8579670.31311
4552166.55237
154888.60874
-162005.142357
-5169251.48438
2817178.89256
-43.3165873172
43.2164625372
1423136.9891
7773718.85643
609273.477644
466.803006757
-464.925560971
2259518.31081
-4606107.93675
-4887442.18631
-2547251.19477
1086.53357496
-1082.81508854
8760680.50666
-4250152.47392
5362659.27263
-12299071.8127
19538376.4172
2384412.35854
-1001422.29972
5918567.63489
-1.74032864694
1.73583867005
11169939.0732
799.071292944
-798.982923659
-191.971318713
191.876532694
1622829.79291
12744153.8545
-4028229.05525
11244092.9787
3833256.89018
9958759.43163
-385.496252541
385.786502944
3716936.65894
-826256.773248
-989.740126852
993.097343766
5.52695620724
-5.52988881436
860460.02889
1816.43357878
-1810.70538487
-372323.084674
373698.526975
-11251783.1311
-892926.187007
-2867890.13117
-4771422.63379
-1355656.5431
2161055.03101
7022132.18552
2746504.92727
13547232.8734
5141837.07722
-1050915.24911
-4198389.87903
-15448701.7453
-54.6405052837
54.5423308652
-3429418.55813
-3902270.48867
-2085222.2817
-632936.980156
-15801.7947395
15808.0558249
6574462.7609
-42003.5789511
41989.6683335
4304965.88625
12351823.4077
-740872.553127
-1994614.64673
1095466.18729
3537037.89652
-9169196.32626
169155.991013
-182556.456496
5367148.73416
-1040098.20022
-931158.592824
-5877697.16881
-68.0996589326
67.9900371745
3633991.33935
-2172428.67391
8475702.27251
-5129188.95757
-1403722.39384
-697929.832609
-11147208.703
462957.629971
-2088217.08584
-7437315.03016
-8096029.55267
-5301543.1699
6256395.55694
115243.339963
-116259.333753
20856922.4815
6974038.37856
-3113241.29924
-10817223.4071
-598.329858775
599.571640963
2082162.62786
-7784.3875132
7785.62142411
13096745.8788
-2624808.3305
-2047070.09667
11152527.0572
567103.973977
-156.960196395
156.82543821
6644791.20258
-10952853.2429
-1657258.57846
-7442862.44672
-141781.879221
141681.400319
230032.213015
8965075.84504
-3607976.08835
41745.4158608
-42212.4103225
7942792.42786
-148226.943161
-3037167.18037
-2143846.55765
-10494987.0551
3275191.30012
8942787.49249
-460490.309827
453269.295775
1427.02670193
-1421.25903926
-1329845.02568
-5173352.44996
-45857.6231237
45182.7829644
22195131.6883
7.3677577441
-7.36966424861
-29516.3763681
29516.3362894
-92.1740359229
92.0225974386
563023.096068
13472179.8619
-1158637.83042
-161.409571849
161.219985349
-7.86604702074
7.85988999842
3251051.06328
-6331204.73921
-545645.187545
-11161458.0971
-1.87521852074
1.87308115214
4636139.32384
18.0186585284
-18.0517418377
8179184.44163
-671828.377873
671650.172745
47.616860607
-47.6619497994
352450.244885
7266641.25258
-468838.821844
-3023175.49259
-96.8555350655
96.693340257
2018272.013
-3174.8130569
3184.95504354
-135324.82509
135521.120829
1838320.85732
5165305.5904
-8664817.25958
-8450860.06867
-552.188061737
553.200210243
-37980.6989605
37977.1154326
-691796.147001
-109.881131343
109.790623244
-5590119.41224
-0.193158979309
0.182086438524
-6023679.96573
-6114338.38531
-377003.41908
-15733613.8233
7358438.26265
-51.7018457797
51.58134871
1839974.30473
5765484.50802
16166055.8445
5443926.6389
-3409420.49782
-175252.525287
174780.988146
3629666.1812
-2532947.44908
12114628.0431
-136844.96076
136612.491081
2805879.69982
3751898.74628
-71102.8304822
12454350.2936
8495383.35852
774913.961628
-270.732651772
270.799950057
-6744482.99116
355277.990248
3901065.57018
-46730.4227381
-14301495.772
-3744685.33077
155924.063799
8534752.56505
-672446.834887
669818.319053
-1289133.2649
3189743.79764
-4058.65525211
4068.59233013
9772777.37446
-1299449.70827
-4721.75359078
4732.17725404
1323550.7537
4283171.57921
5212104.56246
6075253.12983
-21712.8653651
21715.2693598
-480402.090508
-7081.01263022
7093.41905858
20777948.3986
945744.335971
1707875.70833
-19612676.039
4.55404864165
-4.57168220634
-1819261.80766
6722019.59121
-1844643.70507
2386406.77842
-345335.035276
-12815844.879
7526579.30793
-4719347.25236
6446584.0612
3379376.05973
-10460611.0951
-152842.579308
152950.259379
8838550.06232
-1600036.69481
-430194.61179
2104019.85553
2773.81429682
-2765.64367532
-424049.730636
422798.172925
1407259.64042
374.971474911
-373.611670663
-16483.2834078
16483.8491113
-61.5014691272
61.3981906039
-148209.581468
148474.203001
-1443057.77811
-6390044.76752
778132.511093
-5744445.24267
6982897.0785
-12872912.9948
4849400.15544
6.27200642743
-6.28990198975
-1308354.09598
-630489.405678
-3401906.13384
-1024791.46954
12017112.1343
6228877.4203
-4631124.98281
5049053.61886
-56777.0686489
56742.4443567
1898297.2287
-4308392.46871
-12889358.4336
155297.235947
560247.988863
-550229.065694
535416.969047
4667768.60451
-8665074.0686
9119096.06645
-5918180.03709
-974769.834375
3712420.62722
-6892629.58623
2166830.40499
8.46748132699
-8.46666020774
-15487065.0967
-8184452.76826
-79986.5420321
79907.9348594
7626401.3171
1761821.87972
6840538.90411
-36610.0749222
36598.2264179
-260240.233981
258544.239907
-148.228895078
148.139793004
6455821.46002
-7461374.95226
-542651.352229
3634259.3669
10506156.769
-25434.4662398
-321589.674904
-668054.921921
676756.803338
-5106.21840685
5114.02460892
15661607.1288
496507.921905
2223537.93201
-655191.266283
-23161.0856286
23166.0188115
154.121231604
-154.112107964
26.3601357951
-26.3415938448
8355506.04835
-12749249.0236
-7820443.7677
-0.955155507739
0.95179181544
-5679864.29432
-5253428.99475
-496.17058162
496.926906738
7568360.51363
5.36744961963
-5.39919454852
20684890.1004
-4041.39941886
4051.30016848
15479728.9076
-188794.57381
190272.968827
-311213.07637
109567.501152
-6653322.62575
-2657477.88212
-5696.7587519
5708.83805148
-6052194.19382
-10780665.9206
3126199.4182
2708602.83785
-1984.57743908
1990.78009727
-4631357.35823
4893670.84826
-314472.730314
-7942717.75467
10530723.897
-938777.414203
-1789798.20448
-559687.932692
-3753099.22015
-6790849.51213
-84.40827066
84.1906747297
323329.150802
-338688.833708
-9955.1002243
9961.95356204
356243.742518
4710359.76295
-2956049.28881
3201461.57832
608042.986688
-2119416.00149
-549006.780723
-17.3210290929
17.2959833176
-2448442.844
119.499120607
-119.574001836
-2942263.70942
6976934.7319
484.554836458
-482.602434959
-637.570456898
639.478670064
2069316.03286
1096507.75683
913624.792057
7892318.82489
18662207.4544
1483.85196166
-1476.44274374
-1552530.78101
8859379.91449
-4666.78878214
4677.00017737
-2524161.09663
2282982.43353
7600511.36813
-3450792.12553
-4137178.01775
-1976646.61281
1139527.69872
-3482148.82829
1913076.22461
-1762596.28097
-18546.9935014
18555.507914
-654496.060752
-5598153.93938
-450.687088752
451.369850699
2992865.44882
-12955267.1279
-451.188078017
451.902032381
-4373900.96075
3941169.59941
-4906353.78782
-6434.36136126
6444.86132884
-9.11405431726
9.08071868973
571244.968123
4971714.31547
12863472.1032
1195620.51054
-838279.436617
851415.549432
9.88066779412
-9.89345491728
986586.359082
4554430.66194
2321233.96724
-365982.806252
364427.96125
4.91104768108
-4.90876639002
-9196467.32846
-213561.75725
212393.296031
-201767.138763
-822633.21876
-1732680.87929
-555.404649439
556.892755245
-13725.5335022
13730.2064472
4991430.96749
1950162.61492
-35789.8565769
35761.8989614
1540652.44431
-3064.24445363
3072.00236448
105.022857232
-105.095715386
6681358.75351
13190335.8655
-16103.9910519
16110.2969671
-841152.881997
-2365597.88813
2541063.64993
3051734.30116
-1540121.30613
-8429990.94321
1396495.14549
-2672202.63305
-9492174.75842
-764.802942528
771.408584886
3824379.30707
-209.355926173
209.462367255
-652755.483666
629536.526764
-1149010.38287
880786.116084
-2416932.96079
-5195.12130734
5205.39020077
-72879.4524601
72782.9467178
8306072.23637
-581.290908394
-6.97607004262
6.95904868219
5824930.91042
-10300563.3405
3452306.08139
5773843.71351
4192793.6319
11465585.1154
4325648.82124
139512.746149
-143361.937695
-6109119.70909
-12883441.4271
-7069870.41722
-20062546.2655
-2078226.07714
7261632.57526
2875442.05371
8081109.41492
-480072.348615
470393.540602
-649479.111238
218657.868693
-224610.75694
7587092.73626
10135595.5047
-3943918.50463
-7821490.55043
3060999.78635
6665520.23829
1179444.76534
-2540235.69286
2488827.1098
6205653.81449
-17519763.678
-2030121.41342
-11480057.3723
-5453680.15596
1825375.56154
-1511074.34482
-721.910190991
724.666427695
25767615.1641
-25614.0743283
25577.6598987
839082.412076
-4014696.74363
2012676.15586
2427266.39176
2604861.53154
-141308.962468
141697.846062
594701.765439
777006.383887
-12329234.9508
-83617.7477352
83473.9769153
-8728063.82891
1265066.63391
2361219.64071
8035114.50371
-3228813.44726
4714547.02567
-14679071.6142
-9607645.1225
-10330728.712
2114627.05696
-86987.8602433
-7433491.61607
-12963.001623
12967.403639
6730644.26002
612881.858492
-618815.82751
-561.555448273
562.672989365
-381.663440907
382.051247586
2975520.56103
-22.8346160777
22.7649653583
589135.496169
-9063047.12559
-22508.905216
22468.6892212
5070268.83234
1162454.52729
-8285.54040792
8292.76740634
52.1100026987
-52.2356329996
-571135.271037
-4205574.66462
-1733.56977556
1739.55524412
-4361217.34438
-12787060.4614
-6333748.02453
-7158406.98139
-3737.57540136
3746.53887062
-6923334.5624
1512.67643354
-1507.39101073
19360970.7921
4776370.44665
-2229167.77644
3987544.56082
-779589.184322
-368400.582051
374451.393077
-8786252.74834
-178242.473556
177598.809627
18763530.8081
-389620.215387
384715.479395
-1168331.78225
-218.437632445
218.583618831
1489028.0382
-195303.860407
196375.224305
711989.365933
2449912.02094
-234.456275488
235.216608601
4962755.9459
-2154212.73708
278787.240595
5957482.734
-2653206.51521
-1936159.95777
-5361171.1243
-2597626.70982
1106009.14184
3277514.58908
6140510.70608
-3789835.63312
-3560548.74665
12473745.7743
3100870.68877
-498.335144143
499.278287068
5219453.67063
-8605095.74041
6225608.45132
1426751.85555
2544733.75919
-35.9405896858
35.8345979194
5977956.80392
4903260.83279
-12.0033728025
12.0032966995
-844541.1645
-339320.075321
-0.0378626482287
0.0378897945057
-347.517639095
348.008027356
-2975042.15594
-3550427.29389
-2386708.54595
6058846.34662
-797.255082011
800.593514725
-446864.314358
-2454365.62108
-8746646.9095
-944265.777499
1793813.20867
-2797782.78521
-8391028.77364
1112982.86014
3674281.02874
5340712.80604
-3360.49804724
3368.84976966
-10017.898942
10030.9593901
-1669690.6487
-11440869.9684
9499423.45185
-1645.50802517
1651.0677646
-352.485219434
352.927563909
-11160773.4195
2798146.28693
-4820022.84815
295208.655436
14.4664265677
-14.5034619178
6809558.66038
168.630030157
-167.941391775
-3923641.42298
-16587.5170616
16595.0402497
-7983905.98314
-1541492.53662
-474949.509571
-18456211.3339
-11246691.717
-359571.698107
306423.738514
-4534.08483163
4542.17874167
1.53602036325
-1.55048141323
8626577.00536
1676779.28643
14553692.4437
-2643082.2796
-741917.309542
11513325.3227
7.86314029819
-7.8574558371
-6146783.61326
-19216123.6845
4011681.48762
148.516978698
-148.579576932
-949.182138365
952.218197611
3611889.62009
4512592.69196
6607386.96075
-2364629.07344
6693205.70343
-91.7437062937
91.5723434267
-5818661.95858
-8565530.60943
-196.665341615
196.694492375
563783.234155
-13621934.7098
-2.02146265664
2.03559384139
-72.0639374878
71.8843231018
1986457.57441
-3458774.78064
1641368.75114
7667986.50337
-7582548.94357
464985.940449
-8380533.95647
311497.832313
5459806.95699
-570370.193568
1636931.32966
-5086750.37264
-275515.021603
279748.596805
191760.296307
9312526.58808
-10583.7046961
10589.9379058
5996066.76682
-2099300.818
288805.417211
129804.927296
-132967.517918
-559027.339666
-2300516.38352
-3270460.93134
-98095.4918813
97947.3689643
-17852295.3683
-3214184.56718
-4813436.63463
7995528.64614
-15660968.0002
-5468382.22303
321.141375015
-319.871857608
-1165585.12595
-14116493.3809
-700.125466716
701.92816521
4569221.72822
-54692.7664521
54696.3952106
-16680362.3754
-10933626.2731
5691188.64002
7159189.99717
-2284673.35047
-3620076.63432
-754383.390362
-4233088.2605
-5475631.98519
7214222.67483
14.0406429096
-14.0535287141
-6406181.57777
5041901.82555
-5839041.6494
9030852.96873
-1179012.66819
-315919.420966
313152.595435
-81435.2276059
81440.909726
69569.3803085
25.6489753139
-25.6857935213
-1762916.94052
-76200.8697313
24543.5906203
3354318.41183
-9698978.24843
-4820441.18842
-34081.1075989
34073.6441347
-1007327.9681
3468738.46009
-7773573.84357
-415740.399726
435540.208882
-6247.13175711
6259.01107922
-1372250.09238
-4225271.47139
-2289373.3569
-7971618.90804
10757701.5934
2.8791081338
-2.87313953458
3621860.5588
-2409391.05879
2770589.85987
12707566.5967
-2.51229788935
2.45128628456
7352565.25381
7706372.93448
464425.23027
-186685.432035
187433.408298
6.45442961504
-6.46389760847
3237492.47928
3033211.53115
-4896670.78079
-12259.1869638
12265.8578949
3909960.41484
-832.833442102
835.336407895
3063134.12743
-1530193.17473
13955382.0039
4135301.12773
2961386.53169
6486827.49453
-447.328194721
448.586122219
3063702.16892
-533.253367074
534.205185109
-2102166.90879
-2293138.82147
226607.884314
-235361.324286
22025899.1355
-588240.978917
-140723.404809
2129608.93047
10235130.2461
10975253.0116
-23557.0546666
23550.0678492
-3478.87418825
3488.35167197
-13528896.3303
31726694.7298
-2751279.25357
-5643364.14496
-6954371.02152
24378234.9304
2815444.38045
-13564.0683773
13555.2325445
-4795687.71356
-28188769.9285
-3977111.28104
3761200.52105
-602694.379396
585287.650538
16654156.6491
6923481.70218
3073420.31197
2990713.61701
26463.680992
1782667.04389
2428614.0692
-62104.3258088
62137.062124
11285280.9885
-1287733.96589
-3758526.76235
-3520682.09066
13520439.2147
-4272359.55931
-165714.104893
165658.143663
-17534249.3857
-208383.034915
-18785833.6126
4976120.40797
93.929457913
-93.6446838094
-11224375.6664
6012174.69455
696106.941614
-4244.21804822
4254.60478271
-3219.80155881
3227.55061072
6741716.68311
5.29074753413
-5.30567938937
-3623616.53436
-5752867.49389
836253.989537
-5407104.33161
-43.5035309608
43.3732020125
-245457.640852
245510.929629
3930453.02162
-3692450.9189
4510574.04287
12480070.3127
-12576883.0489
83631675.3436
29576053.5411
-15592.3669722
15600.6320386
-1221.99666326
1226.09188881
-1685278.88705
4948408.54944
-4646256.50926
24.351664735
-24.35513258
3608468.59134
6697390.66089
-13771.1181629
13775.1543695
-2646310.62724
9127668.52814
-5712216.82304
-108318.281425
108114.40511
-882532.819722
-814785.407733
-21221.2577032
21228.7248863
303561.305999
-312854.710746
-14.5724543151
14.5602160056
1823.06640685
-1817.21888807
-5632138.24085
7685749.17814
4851860.30918
19484017.7487
-665727.668644
-6336450.59984
15789220.7058
-779306.619437
1029.75293051
-1026.23192968
-411.562502691
412.362526643
-846892.09209
800766.298851
-146.070231152
145.87218042
4519210.57651
-10798763.671
18602099.5235
704616.535979
-5332118.46259
359826.058574
-754008.984701
723865.203734
2179429.48475
-1.54622204221
1.54672277274
-1206638.95222
5667670.35067
8322482.66882
-1981.18525585
1987.11752105
1836851.6976
4956850.00112
576898.213239
3940654.69287
8804761.5482
6798166.75814
5386037.09973
21005219.6652
3136616.6443
16880846.7602
2193182.72481
-3719084.44865
-669.426791272
670.80596762
1334293.85161
1528523.35747
-75.7491410812
75.5700799825
-3602133.85417
-853156.186578
-53533.9683292
53224.8928401
62994.0386691
-4956663.90423
-7836160.72164
1090216.03814
-52.5685743235
52.4471754828
-1308584.24766
-3120758.92366
-47229.7977093
10581523.8746
-12305199.8869
-8005896.24092
-3678983.86254
-9992135.6406
-702688.973178
-4519424.68699
-323323.54788
20.8898683389
-20.9256126835
1638.70548628
-1632.79070217
-3454654.74647
-8704836.39808
-633567.293464
-7868381.75034
-1013.63405128
1017.58321153
-7521043.43318
-910348.954639
-21163.0833225
21166.6422627
11.1441312701
-11.0052760743
2766581.24635
-10823240.7082
-10920.3426066
10922.5456141
-3294708.24631
-5575.26247521
5586.75089878
659763.820242
36.2310640353
-36.3217729555
255449.763994
4580734.7195
-1236056.2752
4607698.5301
-4634085.64516
-5634.85376812
5644.94719453
-32099866.9392
-27135.8949616
27129.5021402
1349497.93942
6482146.99193
4247740.31992
14023616.2107
-2243650.28506
-13592167.3275
5533755.43928
14756226.7631
-2893197.40029
-779367.955971
-1766035.15463
843736.485359
586.11415063
-583.833473726
-3054868.02374
4.20365342244
-4.19980149294
-1643601.20084
-538.963275953
541.018750424
-9739351.43338
-23573307.4853
-1035.75621961
1039.58662983
-3012175.21771
1053434.21177
-6963913.24331
-6272830.96989
-0.881534214284
0.878907023563
-15221.565433
15229.1267432
-2990234.42137
-290.739584748
291.068210321
11850592.7697
5284991.32168
205849.047952
4638790.17246
5110306.12208
-1372437.8075
-4656719.08803
-5332092.98023
-961781.330028
3835619.94033
-13867551.0363
2439184.05214
-12219.6314969
12225.1218533
-12767.2477462
12779.2443767
-87255.1113267
87230.4432755
-6911251.95604
3385673.19037
-3146047.51517
16801680.0287
20.6731052173
-20.7022689973
2115799.23159
-3085729.06076
11.5258484818
-11.5823072539
-8385206.19029
-3679989.77558
-362.834651326
363.590612851
-4221454.22476
-5052.56225637
5062.72882411
-400785.391774
395331.148632
134257.230152
-8991882.28096
578222.509531
-1553639.67336
-1363558.62999
164.73108032
-164.142597175
-13368258.0774
-8.04023989565
8.03396213055
10981968.8268
-12434398.7679
-591866.107646
586042.965525
743646.013561
-1305603.88356
-5443185.41404
-27.4155580674
27.3454695961
-561895.803424
566270.272142
6019023.5935
-31849755.5738
-2773060.76249
-169092.086218
167306.79882
-567281.435528
374126.423407
-4217149.56802
-9498232.5611
674765.19559
-40.1774712617
40.079106068
8163428.19116
567156.421243
4457030.80494
-7969632.47711
-98332.514802
98488.4486178
10638817.9087
7125761.20803
5036413.74109
2885143.78017
-916630.752692
1230925.76573
782199.319538
14573716.9785
43849.4740668
-842867.798094
2869396.72979
-811447.442819
2265062.09505
5368752.01597
3535549.38398
-6128227.07853
613158.023271
2284531.1922
-4976914.92961
-14348.7894034
14353.2921468
-2869565.37327
-4198.65302808
4207.3239739
72.1797914146
-71.9657388655
-46177108.6262
-6921071.95765
-1165599.97108
1156517.16075
7101380.57736
40798463.5529
-11515320.4191
-13908.1988345
13887.8496788
-69333049.8354
-12833167.4336
-979402.229116
141813.683214
-42737.9073969
42701.5821681
-3515980.73643
4507904.60041
-4306973.97636
-702229.961989
-6940.02978914
6946.5604852
-2522130.28269
-902595.346198
-3784240.37639
-801.944288509
804.109917041
-4831851.87519
782858.711444
-7581222.22878
-679.32865038
681.617434611
-1029861.52048
-3946034.34445
-3743670.00192
3105766.27614
-12079.2950744
12083.0395883
-2864315.17452
1398643.10591
-3.15264242278
3.15602699261
1763279.09485
7783974.70859
-2695854.79902
-975419.690775
-206.852449089
206.909338731
5328505.57123
-270.035742051
270.17907738
3845234.56113
8459167.82067
10454534.3171
-181475.967701
181678.071889
-5521.85197024
5532.68770019
20579062.2102
-0.737293480379
0.750246733438
-9149719.24738
-4271180.85626
-2565189.81185
264582.555662
-272193.748695
3205269.58321
-320449.806252
323953.056358
-714.499726081
716.129206669
-431.344053827
431.966136694
8454129.96455
3666545.34626
-5368216.30245
1562368.31205
-1380124.44852
10162655.825
-361645.468746
309650.403664
506880.533687
18.8934420405
-18.9391231214
5997924.12844
1313221.34044
4705050.77574
10052887.9904
-1963259.11212
-3063.2483688
3072.18666574
176323.222801
-6323890.80498
-16474339.9844
3884.34852496
-3880.0093375
10428212.2352
12254873.8324
-9953408.89421
5510411.72714
132909.898127
5065243.39942
-4371635.70315
2832702.46018
6269553.49743
-3789679.23926
9700696.65447
-2523655.316
-11476953.5372
-2768938.24931
22698137.1229
-568790.58368
-816300.667913
2.67481993634
-2.68422147207
-5224062.28235
1641994.97075
424685.963788
2583395.70289
-12682570.7411
-1749140.15262
-8139370.18227
-1784321.75933
2099569.1364
-35.2294492857
35.1411919235
83798.8458434
5106574.02959
-17235.716938
17242.8264025
-74180.316882
74126.6790565
4405753.15967
2559265.75447
-67385.4755985
67387.7160331
13355383.5177
959794.928513
-2436464.12105
5889680.1556
-2947936.60264
5676086.10637
8312810.0048
-2913279.20755
2.70629247546
-2.70390885367
-3216522.69852
-1058333.39258
-17802843.8304
-1055576.55898
-5036144.16258
-207390.160261
206536.027001
-488.794216665
490.359272884
1499809.3025
4206516.21097
-22382956.5271
744588.155146
3441068.29721
3402508.88662
-4949343.58081
6449128.17322
3385122.33575
-4774082.73581
-1564481.30085
9842272.35989
-9213803.96871
10459931.3192
-116056.440596
116057.211545
14015570.1819
1977.0688074
-1969.11009311
-2694.72811961
2701.96847509
-5662803.26991
-9543665.09566
-5473888.75072
-6548865.05917
-9221299.47219
13227172.5056
-5275281.34466
-934859.13599
912659.804061
-6232305.66659
15074411.1164
3206049.30435
6625965.49617
-196059.507653
1421054.9973
-15143706.4994
-87.9979985358
87.9111582541
-270282.021438
268131.026067
-1761236.78255
-420757.544316
415916.974323
-6552877.62822
-9378611.68902
11704931.4826
16251924.8915
3362665.94631
-6044120.5562
-356255.403284
354702.079922
-15742280.2769
-926583.637654
-3450394.73195
1473967.54602
5966867.53402
-267733.524382
4679742.46926
-62147.0248266
62026.5817733
-4759831.72947
3937115.45291
256877.624432
-1517.78074423
1522.96272044
-7318339.37192
-2266337.67518
-2279665.61587
192527.843634
-20595406.2193
-3445870.26892
-4881861.98262
5497148.82658
265329.495629
2199625.31167
1644340.00988
-18336723.4331
694164.780555
14837457.4047
-245243.058083
3038309.51659
-2079826.8897
4102252.04238
1057703.40624
-5204310.15055
2640074.70231
-1383695.51023
-5299379.95774
-3106105.31561
14811709.0907
6392754.22389
-103.604223361
103.482014934
8527765.67022
2531455.2914
-2355.98357409
2362.76314873
-111447.192101
1.39272346042
-1.39231618517
2119991.35229
-39.6754509187
39.5560915341
4089719.8719
-2975057.99647
-8881271.68703
3185796.75533
3457384.83707
1469429.90299
3687808.88873
-8343223.24987
2760891.32287
2150024.50469
-9142306.77838
19668924.9501
-533085.922258
-741281.930432
4424459.8261
506382.644449
-8949.66690868
8961.96320888
1529210.88438
3.51758354482
-3.51466547356
7682347.50439
-13726772.8754
7892718.89892
-1628271.31571
109.457976908
-109.523036337
-103863.078827
103974.521443
-4623895.83873
-189008.477159
-8884652.04845
-6635105.48083
4723032.59967
-38664979.8232
0.726618677332
-0.74755671697
-2788584.40372
910795.242359
-11354643.4684
296828.754934
-19157376.6822
2707990.1383
119553.22841
-120718.355686
6630597.1372
1141629.19261
-1958260.17304
-15151.7549436
15155.6268308
-8807514.39206
-8648280.02136
3.8241592747
-3.81565152629
-76749.0060914
76659.3225615
-5759797.07778
-1249707.79723
12739123.7969
137972.428517
-3372447.11291
3179081.43858
5464771.53007
-38743.0840317
38607.5246057
4801560.44581
-2581804.15334
24951335.9812
-4804090.85883
-100608.357474
-6943087.91929
-5479453.49598
-884.83385508
888.225141088
-994554.333895
7913526.03137
121052.879766
-125700.808203
2915830.06058
1184.18256989
-1180.8936338
-9529524.29425
-230.063205121
230.229216604
-6259372.2065
8675070.31527
-2971696.25099
-69192.1602274
69205.9175966
3359405.42783
-62951.0638977
62935.217511
-492560.383285
-5697292.48518
3229403.26295
-185127.252344
184200.31493
-470.704905798
471.639249996
-7076461.24311
-1303250.94907
-1060107.32936
-4412328.13057
5361256.22409
842349.044447
-7299992.22887
-2591344.10218
-4920.20301701
4929.13078168
12579273.3528
-2269250.11307
-1953623.96088
396356.44183
4900574.8448
14412825.7266
-293232.300359
-363756.24074
358053.075753
6006365.42856
-5.81534069392
5.81981826653
-634171.723683
10636974.9788
5100355.9058
-924711.332386
-150565.623946
150319.285466
6421358.70996
-1680199.51289
1905577.86912
6301434.47965
-34.2807197125
34.2142878604
1337054.29995
12465566.4433
19209155.3078
17678752.4435
1435526.71645
193748.941792
-3811984.00281
-242.416155126
242.313375488
2925199.06432
2878821.69467
2645825.47355
4579494.47446
-271624.363681
272040.181066
-2263586.04787
1485240.10251
-5952.35077998
5964.44491732
4637286.58635
525066.218861
3062.37321114
-3053.76374984
4936350.09056
-18582.4591093
18589.2084287
-632574.947096
610011.888147
-5012248.27158
1485545.14079
-239.860943384
240.041179728
-3629164.19241
-2.65961462071
2.66295736903
-3816644.89199
5691607.95631
2832216.32654
-325712.210089
361238.347781
4959338.71253
-2120520.43291
-197036.731562
-7528509.50196
5466547.69641
4035147.6147
-8379528.7828
-5390802.35198
3083881.55119
-547137.772045
-1494527.69111
-8775.29027366
8786.04234386
104.008846852
-104.046187
3637045.88231
2574833.80012
-16350986.47
2692092.16914
-2645241.75075
-362574.70402
1893073.08245
1972207.2159
-9567461.38426
10504655.9557
-82.1972119597
81.9891836404
8336922.57558
1578759.48675
2741.11107688
-2732.8708063
-3738572.69547
-175942.512014
2815727.47878
55.359289325
-55.4240285342
-10322738.7888
6826686.30879
-9839817.14558
-796459.715726
-3377581.80896
-3562689.13368
11048887.8749
-1.20992556265
1.2124677494
-497.849352377
499.21101688
-7823956.09285
-6799026.04729
8324477.14421
11.252819691
-11.2373962401
3847466.51025
5367507.47134
3008092.26036
-40148633.906
-1160783.84454
-2244541.53088
-6346275.75658
7503379.05876
2622318.09996
-392171.231035
3919805.24891
-1708539.7914
7.84685972372
-7.84145922411
-3695.48096698
3704.34091715
7547106.75939
-1700767.67224
1359405.01609
6904286.88916
19652530.0183
15434048.5777
-2223099.548
6958276.05638
-12678887.5466
1126788.08147
-26135.0185041
26118.8943741
2591430.51504
171396.764891
-2629.25565225
2637.74411649
-10116029.2358
804285.764389
-643729.780499
11260045.493
5545787.263
752070.634961
-10551293.6469
3275128.72163
-670118.169734
20231021.6366
517659.442653
443666.510536
-13089794.8803
-3584993.77878
1075344.73959
-1397416.83727
1496920.46414
-7439337.57004
223314.809406
2365310.54402
4614110.59084
2620629.43147
-524052.927008
514328.651739
21288725.2947
-665.317114574
666.645948893
490383.382985
-10245722.9278
-7073.10861672
7085.26731799
-960230.691723
-164956.574626
165292.52384
5231084.76703
4923995.99674
3987621.65948
-8122133.17866
-13705213.4963
19714171.0738
-47809.2970608
47695.9122309
-5017240.5319
96.0115293763
-96.0550011859
-27317107.1793
-4705662.30996
3750724.90115
-39.9722101167
39.8781055588
-1514088.2944
-2904673.40965
-1038617.66869
-983.696602649
986.053300365
-11280834.8235
12320211.9933
11092396.745
6.34591183509
-6.34838426443
-366218.8593
352802.018437
-861873.34913
792034.668643
6822286.79251
-3732818.61407
0.294161462282
-0.322997214924
-8206306.01942
17710538.2522
250456.204762
-2916675.55985
-1484997.71333
-5469795.14732
-17266235.2442
5911177.80042
-2369.95967906
2376.63594157
6452730.8062
2617248.38229
13479668.5775
-15114464.8686
-2793127.91369
10138266.0717
-3845.3200509
3854.99388216
112811.328832
-4336783.91958
-1056328.27926
-2635327.03002
-3867043.47374
-12385670.134
2597756.67012
-4089499.07805
-6934772.74563
2668650.41436
3546178.68265
55372383.3042
1471627.76278
1676067.809
2658241.03759
4683721.34417
-2576215.17423
-4460669.83153
-1297601.99284
2517630.75999
-21571087.0927
1545034.24609
5889713.66626
3.9665792474
-3.97039367294
76.2801962255
-76.3045681394
6651389.77896
15208688.0122
-1082275.05082
-753547.288355
-1629471.62307
-1395296.32927
-6479501.47125
25773231.8175
101065.658484
-103093.05721
-41973.680108
-2649962.49907
-2449126.53282
-10211292.2025
-19400702.5092
1468793.30134
105592.081784
2722267.0415
-623815.051734
929714.444909
11249979.9529
-9577078.84215
-7094411.40845
18058159.5351
-687914.700153
2852710.98058
9052562.49396
1752671.87859
-402335.634567
411931.742024
10758685.2683
-12086230.013
-4238.95384014
4248.55446547
-1004907.1988
2206.16918477
-2198.44467042
6853889.14415
-797094.182448
779593.790013
11927715.7806
933841.570559
1219749.1319
-5803579.31561
-16653.9436903
16660.2776398
-11063673.0975
-4113894.38249
-4388125.70653
19.5608932326
-19.6152192097
-2750821.91226
-7981272.82518
6474522.90736
1.35415011988
-1.33688380219
-1469961.63293
-8652220.79653
2821.04108238
-2826.45855883
1372813.63283
0.667110952274
-0.662786840007
-1311349.69227
10907869.975
-12110.2166521
12119.2425236
-5011895.98963
6.99900464022
-6.98267613207
16475807.449
-71.6949091809
71.5342653836
-1338178.32653
1593176.99331
-2151189.77405
-4963363.44447
-11001.9554968
11005.7665599
-2001094.79885
-12814251.1969
-7738479.10674
870.522079375
-863.218707092
-3445711.00541
532776.407112
-8009466.20702
-10137236.6921
-6574941.42187
2279949.34799
-539986.939168
-3326986.71018
335848.753697
-1962139.37653
-184974.179523
184522.66681
438.798179428
-436.541891718
8316932.28764
-939257.704852
-10965112.6557
19.369931743
-19.4514130864
-10014714.9044
-2428854.5814
180537.351307
-1343032.8524
184603.987272
-202107.809574
1657648.28164
2471744.33646
13581176.7153
-3534584.55109
1939972.62497
2604648.96864
10533560.9712
-2209.44989544
2216.09198686
3225628.14166
-6842765.09331
2300729.55855
4122986.8506
20648750.9305
-522722.081529
-1184379.03642
-489579.396106
4617526.70358
-1373696.84764
0.414058008215
-0.413790849079
-2033565.37864
-5903479.31977
-769954.541851
896916.344262
8875953.95015
-229.896618428
229.847851085
-3226259.52755
5.41388765651
-5.42040658884
-2069687.52857
-6952046.25289
-1386559.61202
-11362221.7634
7624355.56491
-10019663.2002
-1300348.21121
2552573.16
-616321.696397
6070660.07163
-240842.40624
-3369475.55647
-3005816.07807
-3766186.56428
-2367.25829757
2374.88242757
5651214.2072
-16490918.8201
-31.5472984022
31.4770158668
-68782.9228711
68721.5163236
150.439709711
-150.50169461
-3042385.10538
3355873.13167
-6919237.56165
1091287.00515
-6695365.82808
-1528010.16809
-5774112.23339
1125784.53464
-291.749274068
292.019590107
33066.5819206
-33261.0503553
2194538.75526
-1927039.24564
-2622201.57219
2299273.3818
2824664.03669
-1880496.4439
2159191.7019
5861799.80088
-5132882.39367
5165885.86808
-3.9210911283
3.90505016261
1052.78638284
-1048.12358804
163952.725044
9955359.02413
4917984.92917
-2881604.16542
4.40074115121
-4.38461434918
15.8327547519
-15.8705419887
-4962741.30758
-3003972.68151
2690782.27196
-2550359.27991
-1080976.62216
-9089595.15286
7383678.16635
-2549041.10321
7929141.24975
-3131890.13399
-4323625.25594
-2813134.93766
4700585.6724
870144.140854
-7588620.96747
4513775.18506
1027259.1236
-6106489.57085
102780.597643
-104542.58585
892706.512889
12078439.8212
-1028130.86629
-27225.6196081
27156.0797264
4426602.41501
-4493793.75849
1545824.44648
-8.28320376514
8.27694669085
-13940641.1377
-995.241871925
998.319186089
-48528.6238738
48535.1806543
-1088088.9289
-4468680.79709
6344309.28784
-1824778.46627
-1277483.30708
-55959.0513617
55892.1489774
-4946453.40927
1912332.77005
584432.721618
-5739226.62485
4788318.0219
-1750965.16698
-5832301.61669
-2837.88806363
2845.18410602
30.7306863581
-30.6748263008
431493.208141
-1015888.88469
1042612.20583
816241.654299
2622009.91256
5798072.4673
3530775.84022
-34644572.1981
-292.197116848
292.48696354
-5975193.52111
1635.47005746
-1632.8568277
-4218481.8784
-13739149.5672
7137958.53819
2467275.07442
-7242551.52527
94.7393252533
-94.812442252
-649771.265383
-19.0856063616
19.0301408529
-2911510.94656
-973.412691308
976.144324305
-1942910.97734
-7694.35468043
7703.52247391
5166114.56635
12.0282485137
-12.0440499449
-2035236.11632
-548.173410106
549.987444241
-1357083.37098
-0.419351199754
0.426316536609
-73743.1690624
73656.9049841
-9510435.37528
3558342.46501
608156.884122
-293242.767347
291423.560178
-12412771.3783
-2.12768614527
2.11098435828
-6526968.48829
-1848348.46256
4708367.13898
-3905383.93407
-102.381264737
102.170704776
-122495.256624
-5752657.31313
-4477161.39309
-6681512.32781
-565.368459088
567.505795448
-414604.359757
464753.071796
6583176.39032
-3025410.45362
-3531926.46165
2978763.01635
1675.39433546
-1669.28840513
6827457.25778
-2816.71117492
2823.96263529
-50.2810165125
50.1829680272
-3662.94804144
3662.90834028
7158272.52572
-1773871.52804
-26213081.2141
1.08905867395
-1.0831308474
-6.72131698657
6.71764221025
-10667470.3367
-5916216.8738
3966405.47354
-5682.09929203
5693.74194637
-3155063.23275
3343889.57572
-1355188.1697
-2587906.00345
763362.023927
-296397.919478
302669.08885
3115.95813974
-3107.37988245
507.128812272
-505.035919792
-1321768.49855
1391741.30016
13213441.5144
6458970.23395
15722815.8513
-16769.1747099
2957852.01763
9853635.1999
14092213.2769
2426351.37596
-6643932.46959
1691815.55319
-9885.59373067
9894.32139327
3805453.58725
494609.15472
-9932282.28143
26095180.2929
2891.18736541
-2882.17527933
-2048477.01672
1675366.85004
79348.4737179
-80010.6163569
-7798288.68451
-2533.18151047
2540.01319469
353760.793717
-731.638468539
734.494599263
620611.735683
1972461.45095
-3651381.65724
-9.98807758498
9.98653263993
3008686.31557
-16.4040235241
16.3728085031
2387672.76098
-10712.9003858
10718.2744838
-5264521.35659
11011942.4281
-10400511.1842
-4662737.18002
-2897574.33379
1040846.96172
-1359841.21669
12.7501524822
-12.7622936486
2457867.71499
-6802073.73963
17050712.8121
-246459.221772
245382.382446
-256.219389309
256.357670443
-146.312602775
146.20817677
10327837.9821
1238915.29501
-2823084.99106
34976526.0292
-6479.51530692
6490.99713994
22343756.0828
4596597.78152
-565320.051837
-6941533.08447
-5574632.26607
-2542360.94306
3308140.77525
-1456697.76685
-2391388.34801
-711772.391173
-5576803.00976
-8860.33459312
8856.198416
217492.459573
-1715.775162
1721.68559555
-110673.021458
-2028967.53044
-761438.191248
7945505.90303
-78799.1412988
3698539.65392
-5825061.04301
3537410.75038
3418597.9068
48193.368517
-49120.2097949
6378043.25758
-1900149.14402
-3083511.6458
10354.8601297
-10796.2171036
-4879313.07574
7404887.88509
1470071.95471
1833235.66442
-250.624940627
250.798077805
5757050.3107
-6632733.90454
-808110.635548
8459395.59409
-2908327.00196
-6942.81725143
6950.43837289
-61.9983024574
61.8107568468
-417.561838178
418.18765779
3221404.11152
-4041143.29722
347888.398035
-367018.062364
-195054.755643
191697.855397
-7720819.09869
-22718.6489622
22719.3303505
2389950.83312
7791897.52416
-5238.77859732
5249.15147782
-734662.443954
-4.44812281765
4.46291480672
-4461548.08146
-12546217.4148
-6457.27978405
6469.28766441
32122930.9051
9492141.07439
-2447210.91913
-1054885.73075
-4635016.63953
3334867.34645
-69.853592708
69.6880898261
-1898.64474807
1905.09800662
500825.345985
-162.380293224
162.308035733
-3870708.71027
-5933595.60602
-1718283.86576
2665194.68637
-7629.01574182
7639.6732528
2409756.43522
743913.013491
7110106.42974
-9913032.27824
-3451463.58036
-547433.295731
1145198.14689
-1767147.88738
-1657360.86233
2452346.02246
6717012.84386
-12122826.046
7774865.54533
13.5423383247
-13.6151675675
-3008481.77365
18.199052377
-18.2864815056
-3841062.19578
13.663641085
-13.6743868287
6321402.94778
15636835.5629
16105615.5104
-6651699.99375
3.79180586712
-3.81234251023
-184.814198664
184.761517638
-3050450.24336
-1189372.69806
-4571014.92536
93.0306732535
-93.0663592036
10834266.5055
166473.217299
-21972243.2036
-15357.0005846
15354.6684086
-75250.5774129
75201.8785967
85100.0016316
-87261.1778739
-13.2475894203
13.2212831486
4427637.23346
1973126.23318
-92.4696634263
92.2781833487
4358381.1671
10632789.5051
-861231.856863
-2150606.19115
-1107559.95819
-590217.978002
-5056957.94757
-1742.29387179
1747.99806853
-1067782.32974
4676551.99718
4086941.19366
1817284.39946
887521.07898
-171391.892377
1399680.05246
10209280.0582
8.10377135557
-8.08700161425
749913.634246
100886.923814
817.680865844
-810.718143392
5090845.45502
689677.206339
1168715.41731
-1440389.46413
-3913899.75436
-912497.704519
-3080238.71176
-2356366.97676
3982807.36321
-673942.483887
21424314.1309
4026932.6583
-4369.65857688
4379.19056585
-1147.07161363
1150.83621854
3592943.53227
-1360034.40564
4746748.21137
-2630254.96128
-244789.855574
-1336.7658768
1341.16337741
4163222.11781
-17.4684826976
17.4296428619
-11428924.859
-4682857.53527
7120163.02324
-7138461.22833
-5581869.9159
-73632.3001607
73565.3992339
-157545.183571
157389.628266
-32.2778123903
32.2102524581
6591588.95345
-844806.67387
-89.2649635774
89.0419129813
-18845.4414861
18759.3786578
-167268.178915
49.6908095193
-49.6774409803
2337017.30916
-2161063.93879
-857596.549538
-836642.692891
9774664.22709
-5582869.36469
-4358106.36574
-4992517.37533
-1343.75988568
1348.2620253
-1432325.94556
1826768.03707
-195124.803191
194946.66478
269193.755393
-282024.6664
6534121.50924
12377655.058
-1377417.06681
689431.2412
3294876.7355
-1480720.23221
212181.773007
4636514.19328
-4245881.04089
-6397.23174599
6406.03320779
2494250.49866
-3159818.4418
14963291.7202
29061888.432
-8142457.27975
-794.001282934
798.512561652
1.15215806827
-1.15237632045
-2675.93082805
2683.30712538
-20525799.716
-80.8452238083
80.6817882297
-4012398.89456
-2736127.64213
0.58089941218
-0.578506709393
5698797.30461
-6366576.52277
-4393816.31564
-7714243.74815
-2792.72278914
2801.67769472
-569499.20439
3745660.87568
-2911385.75444
-7513486.10171
12784819.5375
3875440.52257
-750475.252363
85.8459015089
-85.5741836118
6730963.84057
-4387720.79556
-2414176.52377
341210.125883
-322714.477602
-1040.07388134
1043.12641
2366503.8945
-5014196.44701
1142192.3801
-11433231.6381
-80655.2099234
80640.8069718
-3975.91302646
3977.74423172
-550676.460076
3127796.9506
78.7213523619
-78.7622209476
2758952.12856
1950421.54707
4896179.27951
2045461.68742
-199.791046813
199.914719019
-24896374.9783
941061.175959
-27.0472861126
26.9939390877
6907832.4992
-33174.0256154
33181.7106598
-224447.370117
224873.969986
-1197065.86883
-2534917.00823
-19.5766546308
19.5369798587
-2515777.75566
-40.8359376432
40.7415504173
-12830.9780058
12839.8446014
-1322472.0761
1203669.53532
-1211720.88579
3655232.3205
-11446606.3615
-6664372.54673
1298002.01107
-86436.4469939
-214232.363282
1234312.29017
-10667229.7236
8932506.43943
247.941639039
-246.919274076
6464257.61277
12978984.1416
-45009080.2661
-4670261.41952
7067176.23052
-5340052.01053
-11498610.9682
2009771.83048
-19.9637108306
19.9280553237
3047914.57034
-989227.318934
-5003530.73605
20.4270566876
-20.458165748
-791823.544664
-72972.1871215
72918.3601816
-13923498.7212
8095151.52056
-19406.5424295
19410.5758194
-21.4830884184
21.4496855199
7.31977109551
-7.29369932346
-5818045.74594
90.4311591373
-90.379251493
6495453.77603
-173210.898807
1952417.49524
-3342945.49862
-3110367.33738
18437859.2645
98.2388036063
-98.2228290917
3279771.30952
1999189.31418
2263149.85426
-2744540.28332
-9620937.15445
-796715.250821
-6073789.84517
4002456.90674
-3763950.82572
-49.9193887038
49.7730641865
10555475.4489
-2339535.85376
2034631.98021
-6863474.22307
5824378.21991
-23763753.5382
4164242.63983
-3111.01897818
3120.29619624
11133033.6303
-14707.243755
14715.4684933
549825.979461
6102520.50948
1503329.26192
-2127858.32475
1575468.28412
-1689573.11551
-1607088.92035
4049113.03577
3979140.05723
307794.384096
-4149742.53529
-1108484.30659
-4597925.68786
1987129.84542
-11312.7938667
11323.963876
4635468.71694
-2311527.3198
7233991.94466
1295.39621811
-1291.17750656
144.357844289
-144.411600578
80.7191175246
-80.7507326313
50927.244228
-208362.421536
207443.895842
-277630.176617
-12406355.7468
-3660856.02112
-2907023.07278
25410141.4356
-5910436.63614
-1458769.14389
-1.48140274863
1.47786367789
-15250411.9002
-7355364.87314
3198266.62237
-13121327.54
-4965762.0612
-2283.04347619
2289.45079387
-15971326.5545
-5995111.30262
5456589.07799
2965226.37166
794193.091792
1230313.03061
-1124221.39105
-1643239.11776
302849.386234
-5465106.94576
6051866.78898
12092915.5999
5079794.05143
-1226.44088344
1230.39962435
-9930771.77742
514296.978761
-511632.726958
9115342.06398
11806370.4938
-360608.425591
20.9813299741
-21.0113392789
-23842513.022
6740297.51778
381773.640613
-1922329.41822
-60214.8246218
60186.0834112
-4385894.13417
-812493.210162
-9050427.43689
1681641.16304
-267898.308948
8034399.18116
-304622.140631
3394250.45731
-3564.29845836
3573.4351602
3401860.86019
1825.80875643
-1817.61272425
3114413.52109
-3511416.02649
228.299310525
-227.607407907
10974121.9479
8291050.19934
-332422.080297
2429377.47036
-3666541.64388
7332827.55221
8355734.60046
-1690534.51571
-670815.553825
85.1950699783
-84.9007758257
-1331711.6267
-7255230.42595
5392111.92917
4428630.67734
-3211353.23594
752385.331442
-2415083.47839
8127.02766171
-8137.00933604
24753688.7881
-965956.437037
361349.646605
1593645.40756
-1924881.82107
-1729365.65558
270573.528016
-273468.340011
2593824.28631
195239.326034
11861839.0834
-28344.0888403
28351.5430519
-546253.20601
-3006285.48749
4099504.42047
-3461210.02051
-154039.912816
-32502078.4591
1936390.56882
-962048.709013
-36.4609314626
36.3821900933
-459453.783765
195304.106036
10105360.8329
1788363.87254
-2515481.36903
-6824052.6887
-1377746.29907
19385.8130772
-5931097.80728
4844080.04047
2575620.93171
-4866933.44675
-215075.262463
214230.560605
726826.517133
1561.19222059
-1554.53928262
-6075.01258789
6078.59330164
-910117.234196
1841749.33168
52407.2998027
-125711.532098
7667083.16623
72.5447729393
-72.523277232
-396430.292437
7764512.367
-630047.504113
628444.005276
3349501.05264
689813.963626
4078043.38763
6846555.26355
-3104736.36635
-13284.1767526
13290.7039123
-2141569.01557
5119296.11882
-1348575.62547
-13198669.959
-2255136.67248
-1697768.58065
-1321.0901908
1325.5835345
12174358.9281
-2864787.53866
-2700807.67061
3448326.63893
-813696.696021
4990206.44974
3520077.31953
5915905.18557
-7815596.51044
-78534.6920098
78495.9654118
1249190.7791
-3496680.78942
3948104.27954
804095.760914
-982444.702911
8610130.89263
8179305.19379
10.9069176622
-10.9143279449
-3590741.38869
977643.399645
-1495041.86737
1474694.92701
-3091753.9848
6765536.17829
5572185.91459
-1009811.6806
-22702.1900348
22707.888059
-3948606.64598
-11685045.1643
6526239.30133
-4217088.24801
997119.446949
742492.942688
-1011928.28148
2670888.89507
-907.00479867
909.745768527
1415.95598784
-1408.86807666
11987772.9811
15.5203804673
-15.5408712202
-1044501.02545
-10846816.1045
-951354.594352
-1569473.73973
3651165.34401
3056762.19696
-124241.042806
121415.048465
8745404.8033
-462242.526356
468516.226014
10347973.3372
71.9440447841
-71.9342607424
-5402648.7617
-17860335.4878
1281.9530648
-1277.57058861
4248544.13267
1181.41256513
-1177.31040823
3549354.36673
6200838.25119
-1595396.47079
49154.6195178
-49439.1479693
11969951.9978
-1495866.18054
6019734.18936
-11832575.2884
781.436451485
-779.351648943
-9984556.45161
16.9047675024
-16.8780117364
-10946529.7214
892187.865116
5364404.45524
1926765.36838
14334995.6807
-10706978.9252
13210.7918726
-13288.5304587
11585412.1013
-153.023110947
152.784073979
12306626.9516
9939325.77899
-2504130.89514
496553.845482
-6976425.86034
-22.1231227743
22.1164512999
-5614018.87781
197985.794015
12.7811766402
-12.7933825246
2249.13895837
-2252.04971196
5699362.74037
4074842.0871
-7429507.18421
49.0097207968
-49.0118749884
-12.8628945868
12.8760595805
-582.056267211
580.071820687
19874.9244086
-21647.0085812
25420.2550747
-25469.9769219
-12038904.8341
1401.29580047
-1396.05563811
851.910452346
-847.542919839
-12675792.9923
6507495.64498
1978182.06496
4590548.38366
25.1252846481
-25.2187242574
44257.1947614
9550172.09842
20452.5393381
12183825.5306
10948134.0115
207205.919334
-378092.829156
-3342739.06775
-3724.30698845
3721.44172316
167362.107307
-170956.940095
-5.17185375597
5.15219552205
-1448467.32727
-3647618.39835
98578.5397718
-99689.7777429
9167.80197251
-9165.77552597
-13421615.2923
612856.818164
394900.884817
4218.77236124
-4228.03327957
-537228.86652
-2684967.96718
-28566.0549008
27981.8427207
-1150.48364025
941.411728613
18.1072473026
-17.9468341844
748.074678869
-745.962189653
2149838.89555
-37.7038345151
37.7154907631
-223.6658261
222.938005213
-868.956848669
866.312956895
3931055.65286
293.399502627
-292.479714188
5110.81156792
-5110.31229204
-363423.623287
-9301673.61111
-533544.592733
-7950546.89433
-71242.1829593
52063.8032053
199.489218799
-198.674580399
9202951.84695
164698.709804
1930240.95982
99.7070460177
-99.5177571619
-7.84934116262
7.83303729214
-3.63955954174
3.63134716001
-15010.3113846
15017.4447075
7791274.72935
-3988760.57036
24169.2989953
-3304.19801689
3303.75620275
16.4769022217
-16.5448954098
-1.17453150374
1.17433689475
-2040612.51622
-10137337.9501
11953453.7275
1106863.64671
5042677.35763
1529100.93466
2023308.13887
7.908254908
-7.89598702782
-4603314.49475
-2736632.42233
143257.506756
3478.7072486
-3493.38636382
-5910421.50571
7150140.12427
13186214.4367
6472502.01455
-4897150.31023
-11.1660183618
11.2379383991
124470.855908
-133769.995809
-3.9903415138
3.98421374776
7.74754072983
-7.76307147462
3145874.65484
562253.626689
)
;

boundaryField
{
    front
    {
        type            wedge;
    }
    outlet
    {
        type            calculated;
        value           nonuniform List<scalar> 8(2.26862919348 -0.133121898608 3.07882474287 -1.87521852074 -0.881534214284 -1.20992556265 3.9665792474 1.17433689475);
    }
    inlet
    {
        type            calculated;
        value           nonuniform List<scalar> 8(-2.27004492274 0.123772874895 -3.08123063279 1.87308115214 0.878907023563 1.2124677494 -3.97039367294 -1.17453150374);
    }
    back
    {
        type            wedge;
    }
    topfluid
    {
        type            calculated;
        value           uniform 0;
    }
    SiNxwalls
    {
        type            calculated;
        value           nonuniform List<scalar> 
166
(
-44804.6634054
44780.5651516
7192852.15029
-1468.15738493
1473.26184036
-133.739660051
133.544597376
-1628.11645823
1633.57632148
0
31129588.1424
0
4901316.50762
-20587931.096
0
-9173.23460089
9183.78425701
-3568610.06662
4251307.47466
-217.002150749
216.973176958
-18.8620678086
18.8302706655
0
-26181.5857899
26182.9692741
0
0
-5602460.85166
-290123.194099
288072.218369
0
0
0
-570773.822856
557996.463659
-13845389.461
-112820.654302
112646.120976
-4536921.42197
-66979.4167021
66904.6702492
0
-1742179.28026
-4.72909321559
4.72547665131
-27.1151112673
27.0430018752
52667595.5917
-96.1694622276
95.9665768917
-1548.26485339
1553.55406352
0
-65.2916409101
65.1034107297
2825269.88368
-140.87562134
140.769809799
0
0
0
-124101.986597
123843.354384
-2495941.77352
-1020.1445109
1023.19747594
-1150110.10451
1266908.3572
0
0
-22223963.5188
-14653.4381379
14660.4465857
0
-339701.439365
335890.073224
0
0
-6331204.73921
0
0
0
-5106.21840685
5114.02460892
0
20684890.1004
-9955.1002243
9961.95356204
1913076.22461
-451.188078017
451.902032381
4554430.66194
-1732680.87929
2541063.64993
-652755.483666
629536.526764
-72879.4524601
72782.9467178
-14679071.6142
-4361217.34438
-3737.57540136
3746.53887062
-178242.473556
177598.809627
-35.9405896858
35.8345979194
-3550427.29389
-352.485219434
352.927563909
0
2990713.61701
18602099.5235
0
-27135.8949616
27129.5021402
-8.04023989565
8.03396213055
-31849755.5738
0
-4198.65302808
4207.3239739
-46177108.6262
-1165599.97108
1156517.16075
-42737.9073969
42701.5821681
-2522130.28269
-270.035742051
270.17907738
-714.499726081
716.129206669
1562368.31205
0
-3063.2483688
3072.18666574
10428212.2352
0
-9543665.09566
-934859.13599
912659.804061
0
0
0
0
14811709.0907
-39.6754509187
39.5560915341
-8881271.68703
-15151.7549436
15155.6268308
8675070.31527
-185127.252344
184200.31493
-470.704905798
471.639249996
-7299992.22887
-363756.24074
358053.075753
5100355.9058
0
-632574.947096
610011.888147
0
10504655.9557
6651389.77896
)
;
    }
}


// ************************************************************************* //
