/*--------------------------------*- C++ -*----------------------------------*\
| =========                 |                                                 |
| \\      /  F ield         | OpenFOAM: The Open Source CFD Toolbox           |
|  \\    /   O peration     | Version:  5.0                                   |
|   \\  /    A nd           | Web:      www.OpenFOAM.org                      |
|    \\/     M anipulation  |                                                 |
\*---------------------------------------------------------------------------*/
FoamFile
{
    version     2.0;
    format      ascii;
    class       volScalarField;
    location    "790";
    object      gradTx;
}
// * * * * * * * * * * * * * * * * * * * * * * * * * * * * * * * * * * * * * //

dimensions      [0 -1 0 1 0 0 0];

internalField   nonuniform List<scalar> 
5796
(
-65752452.9635
-8732.47742617
-8749.54472853
-4324.81990859
-4311.88193481
-232273.71975
-233163.550241
-56568698.3155
-42360774.871
-53132918.0218
-60832496.8543
-43206114.2164
-58206720.894
-64844503.9143
-9450.3500626
-9449.00495268
-63938014.7884
-25264364.6478
-801.755877551
-799.227263724
-122.178235354
-122.376426985
-61587539.5361
-371177.935544
-374263.335563
-11845335.788
-59259800.8274
-1248769.92907
-1493587.31116
-5235831.07308
-41352.9382408
-41352.1161616
-2612.87325964
-2605.48889968
-74.975153841
-75.161691719
-9346.100966
-9341.94611514
-45808486.7663
-20211916.0483
-333.383754918
-333.550950819
-54127959.0155
-28428460.3008
-48037615.7388
-46916710.5503
-4359902.19509
-66694634.3523
-59.6692515481
-59.6938006779
-233326.331669
-234630.802798
-154314.021114
-154665.923645
-6408.46858907
-6393.31238796
-49197.0946758
-49214.5114217
-50805908.2496
-2653919.59449
-1756189.73904
-48687830.0685
-6097377.70603
-43566543.2568
-15522390.4927
-26060040.1485
-1310.66716028
-1306.50027267
-56448002.3545
-3565714.93639
-45538382.2454
-73.6003550417
-73.7888440281
-190.878326122
-190.999459005
-12173931.4647
-22365027.6571
-10070637.8975
-25264.4896818
-25259.242609
-1501918.9321
-52376618.8402
-25461.5895029
-25445.1782158
-741952.590981
-769878.402066
-531.748068892
-530.860480876
-50.5193298291
-50.6277513918
-2157461.34049
-779.697372502
-777.297400981
-35.4584684231
-35.408793188
-70095.3730989
-70160.9070987
-577651.743151
-591849.767538
-59334577.7935
-50805851.956
-36349703.7277
-28534811.3417
-33852127.1624
-55325694.9422
-25394263.2322
-52770385.845
-33418899.0056
-126.936874178
-126.995936802
-52717388.6517
-40.6424412826
-40.6292993654
-2427.33847559
-2418.33456247
-9012979.12691
-48193324.5356
-55610369.1742
-418201.414054
-423485.82498
-370.203926719
-369.941896506
-53449790.0369
-18501168.7134
-41672208.5213
-29830702.602
-52674398.5289
-15495.2454928
-15481.4943508
-3797.82137734
-3782.69512353
-81077.4930351
-81180.282573
-165.237336609
-165.263915646
-44330003.4359
-2784814.08675
-15406886.8142
-34.1194793803
-34.0755138001
-45736539.5786
-41766799.1329
-6423507.34678
-4820274.53249
-1324.57489335
-1320.00579109
-776209.372639
-838691.143549
-62356.2390276
-62422.832541
-261888.1228
-239724.113313
-901933.937548
-9778254.49481
-343.245624493
-344.236339224
-58009310.8941
-317960.682765
-53877049.0889
-7628501.47365
-34534852.1154
-37394.8592239
-37182.6966355
-578951.483318
-588419.488756
-42523157.4495
-35105895.2015
-5768834.35577
-43688647.4163
-33846738.8971
-44356205.9189
-39834844.7236
-54401764.8717
-40999477.1008
-37927095.1509
-168.3005548
-168.70094182
-51032637.8502
-44128104.2179
-53181027.8259
-45657317.769
-58056268.2306
-43450516.7451
-58081011.915
-2731781.55503
-57581636.6912
-56417422.3058
-43659.2215822
-43464.6954768
-62.0092814876
-62.0399595056
-45716767.5847
-43475310.1141
-293077.667774
-64711254.964
-53468544.4833
-52683477.7397
-24934205.6123
-74.937907104
-74.847548986
-51344131.2016
-22058407.1344
-47410067.0844
-50388854.7153
-157905.378164
-158519.172083
-1878371.7678
-39336207.5217
-80.0202101802
-79.9579928474
-6963.81647222
-6960.07097336
-59492082.5533
-100.002832009
-100.160249289
-46008799.9255
-36478735.9087
-45418844.8129
-331285.870053
-259119.944207
-51748857.6658
-670814.354085
-52793204.1213
-53550337.0761
-47072617.43
-9664113.30696
-1824.88073218
-1818.5411069
-31084168.8174
-882.769780516
-879.9053882
-1453171.21212
-344520.146666
-61263630.8703
-49699882.9078
-52222937.5259
-18996.1762691
-18969.6338948
-41154291.5958
-52477613.2666
-59349664.1533
-7902916.20151
-58995175.3102
-36940760.2596
-954434.429065
-13194548.8892
-505554.542881
-49851221.5014
-10068659.5892
-292.425834398
-292.705827189
-11616192.5609
-155.40886534
-155.503934403
-8953.62146387
-8944.39973094
-7237.86924907
-7227.50150546
-53669794.4943
-47621169.7912
-50283450.0128
-5309511.10472
-6373217.3027
-47211179.5089
-643492.875292
-1541549.57053
-63439519.4777
-57131377.0686
-52377705.0957
-2580070.96509
-2168842.00553
-49598244.6475
567150.49293
-21163842.4179
-33.0214857298
-33.0088288669
-39.5835718899
-39.5713056293
-54015768.1382
-22.951648039
-22.9034308917
-47651311.3793
-48208768.3008
-57762196.0525
-47860036.3829
-1619130.43697
-876762.522259
-1816622.65573
-51422130.9069
-663798.509104
-701628.551702
-59005309.9515
-1705665.61485
-45731761.0634
-49812247.9509
-23772608.0944
-444188.25849
-450034.212803
-47757807.6182
-1356.92030416
-1360.41508012
-65032214.8273
-48569488.783
-59957489.8703
-583.077436612
-585.500274934
-51507841.6062
-3782816.50183
-4865.23708741
-4859.77800269
-49827640.6161
-38133865.6459
-20.9560715323
-20.9210191863
-61686010.262
-63708070.6564
-44794317.6492
-139770.197152
-139237.561589
-52488913.6789
-45525621.5499
-1376.26190138
-1373.11310137
-891.298808412
-894.086139518
-53085943.4039
-759602.207352
-24.1379978967
-24.053113118
-53907905.6135
-53348882.4084
-13363069.8379
-47081720.0759
-59968243.724
-44716797.8151
-327364.834347
-276520.985759
-20.0808889135
-20.0566956466
-43964623.403
-50894151.0943
-38616.7671175
-38612.0144351
-56685791.5979
-51709636.813
-51024518.6892
-50745301.913
-11294.0210186
-11267.0033057
-48847207.0665
-55606618.0026
-736716.694066
-7926235.42477
-50228966.9347
-43635756.6063
-42376320.202
-4394566.25324
-40879441.6395
-43909330.4933
-19.9773303937
-19.9370382048
-47418243.6859
-44788719.5451
-5569.37329352
-5574.77295788
-211990.105923
-196553.382468
-47477100.7076
-2234.57020623
-2227.55277118
-64065991.7572
-57903745.9945
-39019487.3165
-51794316.5894
-220.68655668
-220.950317705
-24.0070847883
-23.9697593806
-55081743.6375
-48204784.2856
-57129569.7305
-18843801.0411
-506.702851069
-508.333416757
-51376539.7457
-45232557.6087
-119621.929684
-119483.824309
-98.9263504815
-99.1177579142
-3453146.5782
-44544065.7132
-44359980.4186
-45894107.2797
-49529242.1549
-51329612.7819
-11.876996345
-11.892758648
-51141500.3155
-53.7655495403
-53.7933476973
-57159160.7654
-14340125.1805
-53650246.3988
-5839.91989922
-5848.734202
-14.1525295019
-14.1324906748
-67950779.112
-53963482.0286
-57371668.4395
-49122903.3059
-46702138.0541
-40.1255044243
-40.0669803897
-52190924.4306
-849.272884755
-846.518444052
-58748941.9531
-54162186.7924
-47748809.8297
-52632859.8015
-46805277.7884
-138983.210155
-138814.592602
-4893219.47345
-45049883.752
-44475332.4826
-42911477.0413
40538.6356209
-50633913.5624
-47899289.1965
-42056944.9571
-54592484.7186
-49347392.2004
-36560186.1833
-48860880.2988
-42118735.0935
-20.4686943678
-20.4249512763
715.374625554
717.773623257
-39074199.8579
-33227139.9923
-64735800.3719
-49103255.0395
-59855454.268
-1213510.11134
-46947158.0424
-46670026.9909
-299830.221802
-257879.02362
-45820166.1572
-45926615.8204
-45920692.4198
-8241.92921277
-8237.29471749
-24.8785581149
-24.9361606197
-51062802.3871
-15057543.935
-90.13653295
-90.2482280435
-53513416.1104
-55822698.7264
-45316616.1832
-47479233.0882
-59024215.7719
-45134213.2734
-48687684.0106
-1126398.52373
-45102246.2222
-41633538.1169
-58737246.5467
-50860185.7825
-11423.585523
-11431.7581139
-46417295.1498
-17723.3135617
-17713.3115391
-5102177.80168
-292.654536714
-293.448938952
-933.74407714
-931.279885698
-33167777.3622
-48151304.8335
-4120764.3771
-533764.663669
-600811.729043
-56521657.899
-14.3320802024
-14.3015425111
-33997533.2871
-9954569.78369
-48879410.1892
-39532362.088
-51157159.6573
-45352245.3234
-42941318.6692
-41883.2673409
-41861.7667878
-50114773.814
-7495.8003965
-7485.06003439
-41771179.4619
-59727836.8095
-66282018.2634
-730521.964047
-63409597.7317
-54096454.2555
-1933.33163847
-1927.25626296
-65604.0481069
-65557.9930066
-53515817.0719
-52425418.0943
-46007700.4144
-28166.7786794
-28159.5139597
-40498994.0725
-51404936.3012
-83862.408442
-82732.1152406
-22.4791909309
-22.4398480993
-57130886.5792
-7295960.99495
-48555499.9372
-20934755.1479
-50.7636448615
-50.7753807881
-3731999.20997
-22166514.6289
-786.407236525
-788.746838058
-52294675.9281
-1656.15099327
-1650.88922202
-47449572.4656
-42421245.4693
-10929510.2336
-19.650515912
-19.4540277784
-555909.353903
-2120825.09362
-50787649.157
-50770784.6444
-57119419.0348
-62369713.049
-1744.71405935
-1740.33807321
-41549087.8301
-42608350.7164
-48429950.2617
-67609758.2576
-560771.779694
-933303.5145
2638324.72657
-2123896.64989
-19349612.6559
-3181185.53305
-44417655.2283
-49974440.8893
-2674026.86258
-3026192.46458
-50303251.265
-18.011768284
-17.9742949515
-2775660.75772
-211.312400979
-211.553514348
-3173660.46072
-57103846.1669
-57484208.0795
-43.249732015
-43.1670522884
-47262239.1961
-40328203.6257
-32490693.053
-47256455.4107
-58528959.4215
-55071111.448
-59280275.1418
-46167549.4936
-51263179.4435
-854.665410909
-851.966741178
-60314124.761
-48734926.9373
-65016149.738
-197429.645203
-194913.2031
-35020589.9622
-54113278.2015
-67552182.1868
-47146623.6464
-48761905.9683
-42676573.0398
-59534984.6471
-22.3679939157
-22.2917548939
-48668276.0934
-48357971.1875
-48662538.4638
-52249932.7532
-46224741.1411
-19763012.5012
-59351091.4051
-19.8313532333
-19.7670075737
-60270157.9088
-55895287.6465
-55044605.9972
-19.7837918916
-19.7971747287
-54.7085904096
-54.5823662746
-4354.82351446
-4348.86833766
-44387960.472
-49808132.8787
-37762145.6909
-294.431156341
-295.99014767
-61693758.4905
-649183.679072
-38288970.8926
-50315252.5249
-125.33613773
-125.454667633
-52096715.3051
-48723342.45
-49594879.819
-51193001.219
-51717411.4662
-43507702.5468
-2162883.3128
-192999.373104
-184787.2593
-16151.0185026
-16163.067083
263.258712597
264.168970161
-38495844.2299
-11550588.7867
-29582435.0535
-104.268302261
-104.313472145
-60377534.7822
-42176201.3403
-20.6347108688
-20.6394013677
-41543801.0754
-37924424.4362
-55828591.9991
-48755228.4559
-54854662.075
-47471886.1466
-7163165.88453
-22105513.1883
-47546140.0008
-56567319.0021
-60304299.2953
-44935.4290572
-44935.4037843
-16789.9677485
-16793.0059121
-45960371.7694
-69406619.8731
-41773753.6307
-55103965.0332
-51534425.5878
-409216.592733
-47201631.2553
-6929879.79443
-889865.855806
-44092493.5689
-359.06517426
-359.8796245
-49015299.5625
-50924651.3626
-52806144.8496
-60725036.3861
-58681416.7956
-45899390.3738
-2191.64340781
-2192.94589364
-59598416.9129
-53865895.942
-55717919.8678
-50243264.4013
-37117384.8361
-53714222.3383
-10382.1752724
-10385.7475392
-23.6409263631
-23.6053955234
-55785459.3015
-2949453.33004
-49675918.9218
-59008363.9517
-58927.3409768
-58922.1113935
-45455097.5243
-47671793.2367
-42279959.0328
-87361.7161202
-87273.2716742
-1629992.10249
-24.1862604625
-24.241163419
-10903068.8216
-13024504.9103
-50766851.9846
-39656834.2851
-131.376022264
-131.526692072
-54362813.5118
-300211.639492
-52940026.1405
-52741289.6286
-27722425.6656
-3610.80822275
-3609.79036835
-48624237.1348
-58775197.4343
64380.3608885
-207.077754555
-207.227819332
-89.2386376259
-89.3574543894
-2123254.90584
-41061163.036
-37883449.1515
-57880436.3219
-13121725.7097
-36.3882507866
-36.3560585879
-42989765.9518
-18926350.2092
-58321157.2439
-52999952.6662
-54016518.2582
-45713694.1406
-86283.2356398
-36760946.9787
-55826575.8689
-44870105.3057
-7601362.65753
-59762285.0786
-48933798.6185
-10511624.3249
-25912.1038556
-25915.0675261
-42837103.7221
-47474257.8061
-47981304.6364
-20.731652128
-20.7378827182
-35634371.5755
-58512336.6008
-1108335.0434
-47001843.1653
-43052391.2845
-37658287.3675
-2956193.11645
-49626127.7086
-40151351.4202
-832928.646587
-48535751.8569
-103.560771523
-103.544548266
-1135503.59039
-45362961.4126
-20613238.9883
-53151739.3424
-58552209.1071
-700131.616843
-58275.9007521
-58337.8928541
-56005438.1764
-9232774.04278
-21648563.6432
-45268333.058
-45236789.6676
-51777653.6298
-50204487.8146
-5100183.00787
-52930564.0312
-39721339.4335
-16.0867210313
-16.0498068737
-37976136.7309
-37583632.5598
-65960946.9644
-6973.32851731
-6976.18173146
-49493818.8945
-2819412.85313
-43164728.2575
-4806749.82959
-15418916.0118
-52437770.4447
-5062820.22821
-4027212.62441
-15.6243579283
-15.5677106829
-3475308.81532
-38362861.1571
-3861.21148923
-3849.27036939
-49997955.603
-49571976.7755
-42952462.8012
-48449451.5085
173.866609376
174.066564234
-60387476.6454
-45605560.6061
-357544.703884
-48689213.9292
-50872199.2197
31523.2313288
-42633.3075519
-42628.963714
-174.10286332
-174.245158746
-39805869.4213
-48981089.6042
-51502596.1829
-55308417.1491
-51134379.0586
-54621653.3281
-38572699.0366
-58593695.8354
-49257143.1949
-132848.087468
-133783.516242
-47959788.6349
-18.1034406786
-18.0270776954
-44355125.3824
-48660215.7979
-7.95327813511
-7.93477626932
-45894591.079
-13112953.0262
-60616370.1243
-2457278.66334
-52156602.2759
-51496260.8644
-22.6377459176
-22.6518733551
-38677085.5829
-41360066.3
-56989322.7617
-1452542.55867
-45219258.5159
-45473976.1424
-23.0172743066
-23.0400315322
-47994583.5602
-55258202.6191
-57688042.1635
-50.4408788933
-50.3291273022
-46290344.3004
-54089948.7335
-48584691.3656
-54359164.973
-45483912.7039
-534548.597158
-48881771.6404
13903.3744108
-40632108.5861
-44532220.5453
-53955413.5301
-3728.51436452
-3717.60143215
-56741944.8707
-46552183.5639
-54006672.6802
-26412.3314977
-26405.3897728
-42194761.4825
-45447282.32
-50989278.6381
-53268012.8982
-888999.852777
116837.52768
-21.4777320235
-21.4259533272
-48321925.1955
-53481002.7156
-24.739233545
-24.779908618
-53262087.9693
-65016472.9755
-49869391.0405
-46377586.6089
-45110913.1804
-48737802.3668
-59888331.7275
-19615842.5744
-2308403.80262
-45883914.7287
-17.2680193224
-17.265713722
-44615621.6889
-62510353.6885
-526.601369704
-525.761060646
-44264.9625133
-44291.2465153
-48095964.6621
-57697963.0541
-46493974.844
-22301892.7032
-1648.20504233
-1642.67284761
-45370772.5277
-40536959.1152
-40591963.4869
-585890.342922
-45998.3007313
-45914.0742687
-49501794.7546
-54085690.5235
-38477203.7212
-92093.5662979
-37123911.0778
-55295208.7015
-23978797.9605
-47057758.2951
-49833054.5263
-49926920.616
-56630842.5872
-44408417.491
-44284800.0972
-46325363.3871
-49104121.3163
-55105370.6006
-58633981.6351
-56088749.0362
-88577.3934395
-88529.0920122
-21639838.0285
-46446838.6188
-203925.935441
-203294.218493
-45560101.8445
-57098553.4955
-33220005.0667
-50935492.4922
-42690090.3276
-43470131.0488
-41588663.6432
-55850466.6673
-52234405.7749
-0.311564430366
-0.311039267829
-41035575.3381
-30057543.4936
-3234626.30574
-43158490.2004
-47839950.7062
-45679120.275
-28805495.5036
-59866259.8598
-17.8437693923
-17.8781324985
-47000633.3925
-53706880.2983
-1414.23383203
-1418.41908564
-6561138.0048
-49302081.3615
-23634.4347704
-23589.9654997
-52744349.1877
-49507762.6861
-43932956.2992
-34796554.528
-52237186.8498
-524132.028196
-522506.003664
-50379327.0418
-49251867.2159
-821.017181745
-818.624321272
-45735845.9048
-122390.788438
-116005.974656
-1610158.43751
-111370.281305
-111526.40956
-50420665.7602
-59099964.6683
-49270775.4264
-55268167.2005
-54496991.861
-43299689.0765
-2286.82177104
-2279.69219547
-52602319.0829
-113.645908002
-113.517624315
-49230230.852
-49114046.178
-862792.123078
-59174138.2628
-36.7010364079
-36.6545733648
-16836.6207426
-16830.0038422
-8.84327126637
-8.77070405178
-55627093.0473
-61913336.4871
-42185352.4245
536.99616248
539.827253774
-650128.294243
-613635.651819
-3775578.82128
-51423242.1574
-185.751983786
-185.868865317
-47868773.3442
-47.4386671454
-47.4470097317
-64.968169079
-64.8561257734
-64786167.6104
-913561.715064
-9417.62878694
-9408.85689334
-499927.753941
-497161.219326
-56764500.9948
-62681552.9405
-60091295.8892
-64036.6049722
-64000.4931805
-24509.0656506
-24367.5129898
-37689914.9148
-57854972.5581
-40753241.0846
-42607754.8911
-297901.024478
-299328.560462
-15306.7809994
-15289.2956479
-43968091.6067
-43003085.6279
-47050782.5376
-58613630.8088
-1322.37425568
-1326.49855376
-878706.904297
-43501369.3787
-168624.482949
-233.068814905
-233.144141029
-57468235.9032
-59576688.6391
-3741.8609651
-3732.53830289
-19.2745255184
-19.26740053
-35.2521090081
-35.2755411595
-63416221.6712
-1023.45374617
-1020.66326959
-46249414.6314
-30944.7057906
-30938.6525028
-45126406.4886
-29133149.4637
-49110223.4787
-49915781.239
-49602747.0301
-10576249.0968
-55908819.4424
-667.997090412
-669.743194643
-396.063865927
-396.65803132
-57244659.9738
-21241519.8905
-3809.52702556
-3814.7968891
-8262.84500559
-8266.64259044
-51713791.8679
-53533985.6394
-47889222.5723
-155240.154788
-5399757.69835
-53918139.4764
-45486335.7117
-58429128.4887
-10841.4790339
-10821.4071591
-38895482.0945
-47281271.8447
-6301.72149962
-6271.73274715
-32055580.9654
-52145898.0228
-46.7795292639
-46.8546040764
-56397668.4832
-442967.425676
-48581732.6177
205.0317467
205.042580953
-50555710.3524
-72.1066031095
-71.9528725384
-45324569.3943
-422390.396169
-137.099606775
-137.289973235
-53554623.2203
-62975573.6059
-51776739.0935
-148676.966027
-148989.174455
-43769388.404
-11314.0765026
-11326.1859161
-49335072.9101
-7.82152973906
-7.83109126664
-56459392.2291
-138530.828446
-138634.654079
-583914.878404
-607832.377175
-49066492.5309
-33069699.9799
-464940.095622
-39007509.1794
-48842914.8818
-31953782.3542
-55369067.3456
-42119068.4089
-6029396.31335
-12.8085925504
-12.783916152
-48350311.6645
-32572612.1805
-4753549.07354
-62963299.8739
-69891655.0125
-35432607.0458
-55851360.1703
-59185434.6643
-50881294.4137
-60785509.3128
-52081175.225
-50676940.3764
-50532571.5
-54183928.6625
-62452579.5309
-58629482.9523
-49678553.6803
-11587.8973644
-11579.5210564
-46202334.7623
-32817.1493255
-32717.5849743
-41722726.3518
-262841.585372
-263690.222702
20962.7096186
-47.6194369268
-47.5428130083
-39825194.7139
-498.829855097
-500.361445256
-3333484.11116
-44799753.9883
-34.2325870344
-34.1229866914
-48682851.565
-1166002.5008
-47489563.547
-58759600.5157
-51926246.7437
-455976.306675
370340.159559
-57256513.5115
-48553280.5168
-7783610.76844
-151803.272376
-219239.624617
-51187597.7761
-5054170.43769
-56323511.6686
2008.17435836
1993.97791718
-31935.9232689
-31904.7472273
-43323705.6737
-49938144.4748
-470.924935123
-472.562231832
-20.3505924217
-20.3061058753
-45646329.8999
-3551305.3984
-62237810.9241
-17.1293159211
-17.1541394938
-46276454.3846
-58732225.1302
-46866054.6015
-48783861.0815
-51801920.4858
-43314939.7395
-41080962.7116
-55019194.1
-49618088.327
-51816338.3404
-28.4774477513
-28.471085489
-24447.7019939
-24429.0979165
-666.944355123
-664.956572507
-53843963.9673
-44598565.1403
-49552211.376
-52852326.0837
-59522248.1534
-16290229.5092
-3371008.64724
-51609964.4436
-51544655.8298
-39.5740987928
-39.5634011452
-48670401.5775
-29163847.837
-57342813.1179
-1450319.98424
-3117.49887649
-3120.98150009
-51386592.5741
-61195924.1863
-449031.018433
-273553.389106
-57840093.9482
-130599.17566
-10638.4777805
-1028531.65964
-656045.293895
-665587.987563
-56209802.1044
-53531737.9283
-41752272.2802
-52328414.5508
-52149626.5001
-1874.00930678
-1868.21790915
-61305165.6092
-43869390.7461
-56560758.2453
-367941.935536
-371743.628113
-598109.243842
-43157501.7968
-45306535.8962
-1198.49677031
-1202.30969103
-229.133304226
-230.277813512
-65979751.2942
-47402041.8985
-10055453.5995
-60976797.1463
-47721780.3351
-941889.903155
-47270792.5475
-47072657.1258
-48175349.0488
-50076110.9436
-54552360.1494
-46501968.2591
-172072.587925
-171871.925045
-56679191.8855
-38355299.0989
-2844.57750586
-2844.75510443
-1882543.68939
-13600068.1115
-68.3295118043
-68.2054930196
-46874847.8821
-32.3948831524
-32.3433110136
-51399896.6972
-42439113.5476
-66.4475399133
-66.5737922814
-3.59594626301
-3.58203113702
-55749558.2325
-42820997.9883
-10466770.2383
-52038761.6125
-58096318.855
-44218293.0682
-32.4436128976
-32.4243230219
-53874924.9314
-47697626.0339
-24363054.9143
-5917319.57911
2.84090652023
2.8436389182
-42002648.1488
-45503286.8928
-50747069.8121
-44873273.8627
-50403693.3375
-36348380.2849
-48338373.9474
-1362742.98702
-54937733.6783
-25616527.0131
-483333.855034
-46965969.1689
-17076249.1803
-37810895.2288
-43744396.0126
-67197889.592
-7250198.78583
-12652426.994
-38341110.133
-56255520.6636
-44243022.0994
-48406128.6994
-49335578.8169
-1402709.23399
-1928009.33976
-21882583.2236
-13260.9286764
-13271.9103528
-61363980.5139
-60632682.2137
-48756062.2413
-1484.54167679
-1486.61021001
-52112256.3029
-45656781.2704
-28700620.0545
-50497515.2426
-70419.1802058
-70371.1976904
-43132831.2647
-2501428.39912
-51578564.4862
-961576.648709
-17.7620895506
-17.764486105
-35221955.8388
-40781905.0024
-1990537.97484
-43907508.8853
-3533703.61505
-39366985.6263
-40852894.4106
-64756998.7933
-52289969.9306
-46187111.7061
-3488.819513
-3491.94853934
-311893.555659
-248120.080609
-48611422.1344
-82.9598909051
-83.1056098302
-46.6379009484
-46.6025297793
-865455.651436
-41200047.9955
-21612837.1464
-48103786.82
-1664718.98868
-55311600.445
-45881029.014
323598.602044
-55616832.6219
-52027564.3574
-51391265.3924
-44595852.1193
-43743256.5835
-1200569.72684
-56215674.9887
-54216392.4423
-49890695.3752
-16389.9824333
-16361.2239881
-42162719.3259
-48386494.3899
-63550434.9643
-47460709.5015
-65548306.655
-7528788.62598
-55000620.5048
873.057183331
875.548254634
-5256.03196436
-5248.72049096
-43245543.0115
-56387273.5212
-397368.611999
-48848287.7524
-2256176.10975
-2045.14240548
-2039.28015263
-46031463.9615
-45012650.3096
1599.17089371
1533.11134322
-555528.212411
-49332436.0361
-2719948.29375
-54533860.4263
-59.7499926136
-59.8808617093
-2231517.83266
-159871.483078
-158053.539176
-51955040.7972
-46643085.4448
-2993.49193174
-2983.88832246
-12137.1277146
-12132.1150814
-43863498.5224
-38635888.6957
-45349934.4608
-38936926.4605
-61660726.5732
-41608759.4714
-1640351.91835
-52936791.0972
-52139089.3885
-43162268.6612
555749.779963
-34821128.5635
-8043.9638397
-8034.35902472
-99562.4911841
-99610.7772684
-23352210.9198
-10.1392183043
-10.1202423799
-45290050.9709
-15589742.3025
-52587678.8016
-46292899.7125
-53092039.3936
-43495173.972
-51189198.747
-47548784.4977
-43582998.8209
-197.258584354
-197.301418366
-54305008.1266
-2872085.32643
-47759460.0587
238115.880943
-57574569.6694
-39830964.534
-2291.91974067
-2297.04222239
-171759.193349
-164458.310371
-47682282.4374
-16029.5042478
-16023.294905
-54146105.9387
-2719836.90183
-18914.1814814
-18890.8077665
-60528302.0414
-1118578.69842
-48094664.4649
-63890196.8812
-25110.2718578
-25026.1258767
-1106129.0692
-29.8376317596
-29.8820742448
-49240930.9486
-50340816.6794
-2492780.229
1570.42838426
1567.99893473
-44494478.3185
-58148798.9445
-42500029.4262
-59845753.9859
-54640998.6012
-47731237.7287
-2914722.34836
-58535331.3004
-61149196.4186
-80603.2619305
-49603408.5433
-266270.631912
-51239352.9019
-28.8426141497
-28.8761859841
-51965386.6836
-50898821.5626
-52386627.0258
-52737940.5008
-5671.43675149
-5666.05773553
-9996106.36731
-1461.39675883
-1465.9063149
-58182342.7922
-55335537.9353
-39141811.666
-12121736.1016
-42924031.4467
-6398901.72213
-33609556.6438
-14618776.8689
-13047525.1276
-2895283.47359
-46390875.1934
-10.0034864297
-10.0157930654
-55795635.267
-53319921.1617
-18.9291233071
-18.9243940334
-46579349.6593
-4721.65411238
-4731.48571019
-42038787.9978
-9098.3352344
-9105.23106113
-68778890.7027
-3472715.98645
-348464.937494
-352119.102263
-50784101.894
-50767495.5309
-59591101.9062
-54872246.0217
-571150.229969
-503703.302912
-49401482.5867
-45003676.0491
-53974343.8767
-606.406284908
-604.756558475
-51517417.4903
-55241265.5161
-2158355.99812
-47947057.9657
-63492482.5796
-37657092.2929
-56950035.8428
-40484619.0703
-1242090.49346
-1229186.63469
-277.646192207
-278.10400065
-39299342.8959
-51194276.7865
-2068803.72284
-209579.234119
-53204471.3863
-51629838.589
-43035742.0498
-63359785.8978
-53159176.2544
-49840890.5022
-20022652.6423
-43838585.0548
-60776962.8104
-109805.162482
-108327.511083
-11780.2874577
-11782.8197778
-22.4941417989
-22.4369231199
-119470.945936
-119511.098286
-46188203.4394
-49982782.0118
-52758087.0197
-50951389.7605
-51993448.3282
-511609.782533
-58443448.507
-55800416.9286
-1969.08718005
-1962.52736362
-46101806.3944
-13399.6063888
-13407.9471558
-42310575.0759
-54999265.9728
-57399307.2742
-26193469.4747
-51277280.4697
-37915127.9549
-51464885.3137
-66.252086009
-66.0530784698
-48677366.5431
-43143729.6074
-82.5938824437
-82.5577697149
-39281019.4837
-55406781.0298
-55738192.979
-16552617.4913
-513.963583543
-513.408641278
-501.694016725
-502.727908996
-52458038.9164
-48612659.6776
-42401363.3466
-30.3367357915
-30.3288816189
-52167914.5318
-55524213.1485
-55761726.279
-52112775.9161
-56615184.2617
-35255094.754
-45900446.8826
-58682910.2312
-52524026.0399
-38080883.5673
-53703126.7297
-18.6762050009
-18.6155931275
-3419828.80186
-568190.984847
-50268158.691
63055.2596387
-459296.15439
-27.6194715064
-27.6774625074
-1032071.83341
-47632030.2024
-29.4061277608
-29.4662850578
-42825818.9786
-48640.9904081
-48599.7833792
-33866333.3543
-54592071.4001
-213.137035314
-213.159841679
-0.798029044012
-0.797418792294
-46748454.5883
-56496310.9285
-50241133.7026
-30033924.2077
-299232.440322
-16.472639435
-16.4899872962
-49936219.1619
-48679407.2786
-58676047.1739
-55682318.7395
72189.1139308
-53483212.6201
-54223778.2842
-49467433.4655
-58791689.5418
-40422012.4684
-53096615.9788
-6721280.39331
-438081.05933
-447300.237846
-35951836.6929
-64307226.8897
-47698650.3922
-33788616.2929
-20190489.825
-50745377.7164
-68044106.1373
-41684533.784
-45609065.0481
-2826.1013665
-2829.19582356
-44897238.6559
-30.403150879
-30.3779323545
-34292302.8643
-47392433.3563
-28187834.1071
-49544859.8836
-55082701.5457
-43127365.916
-44941313.0868
-50637970.4397
-53599514.5731
-2.51104096832
-2.50436325368
-37765555.6653
-60570314.23
-56261579.3532
-1621173.09136
-19.8927351072
-19.9380289155
-49554357.8596
-49208314.9503
-44956249.0774
-46837353.982
-685.057002024
-687.10359998
-53547452.6604
-59036241.3294
-188247.057826
-188454.35459
-44083929.4004
-43479048.5127
-54842897.6965
-168071.531045
694.872146041
-50831066.6427
-52218230.9373
-56687591.8743
-1347479.50018
-64526469.6776
-42506573.3646
-17833405.893
-5075006.83597
-52364589.1275
-26253004.9403
-66869007.8558
-36827714.4509
-1391.43512459
-1386.81828617
-52687023.2396
-52992877.9552
-55.3251418442
-55.4497674825
-47250277.253
-44591137.8034
-43828.4034388
-43712.2494977
-47348263.5416
-38081502.2131
-1364859.40139
-1004.59465795
-1007.80340509
952253.245682
-52467233.707
-6938711.84313
-21.1888587209
-21.1898349053
-16198.6135229
-16206.7113032
-50228409.0081
-54008830.1784
-43701400.928
-58210409.6447
-2563331.68874
-57986472.5925
-60312.3015876
-60244.8681589
-64.0755639507
-63.9433593241
-942711.919477
-53615188.1448
-55703413.7878
-64770026.4319
-43178094.2599
-4468268.12161
-3196689.63555
-9.15959416089
-9.12557400666
-63483174.8276
-43614846.6256
-46686891.7311
-44134473.2658
-237937.305392
-238813.72332
-60770249.4879
-50444136.3543
-19.8706518385
-19.8145691907
-49390998.7898
-931.906852804
-934.979071991
-47914828.6949
-67847406.0138
-47911850.5181
-290.279543795
-290.107850541
-56691022.7079
-1447.9895706
-1443.75929315
-49701130.9649
-63384930.3443
-66130988.2887
-1764.43780221
-1759.8547651
-55843082.8322
-56119127.5549
-55622470.3178
-420.559462748
-422.095856696
-58170.4168052
-58133.5990505
-53067551.8386
-54005717.9903
-269226.427168
-271447.605006
-1286734.33113
-48051664.4962
-52302.9789635
-52114.3319099
-8600.57175316
-8588.01948031
-49505088.0389
-50745632.7683
-1609034.401
-60038298.3254
-6175320.03317
-48343975.0444
-56917409.9769
-4056458.69219
-46723310.4025
-41240003.5761
-16282185.29
-43.8477093873
-43.7508788348
-43376844.3578
-40918626.2886
-27466.8987754
-27463.3263453
-53547502.7678
-53404226.2987
-62228277.5565
-953502.215639
-39416747.2046
-60531399.6416
-4415488.14331
-56197282.9754
-58791712.0475
-48302653.4548
-51801914.9369
-52944410.6347
-191.207690721
-191.361479369
-41924103.296
-58046812.0849
-6166.56259222
-6159.92084105
-241.309274418
-241.443520804
-48296234.1651
-43873261.1398
-96.1941335725
-96.3594759756
-233248.408666
-232967.820029
-25.9000573852
-25.8063310826
-115.076508955
-114.896415286
-41353940.9524
-60768778.9013
-55673645.1913
-52106952.6363
-21.4087846595
-21.4580442656
-48986822.6974
2525.72434122
2528.98902878
-44887654.1766
-50137927.9064
-13863.8562895
-13871.6963478
-21729.785103
-21722.9224082
-93.8337545826
-93.6462975356
-62382465.913
-49178728.532
-46883638.8236
-654.910315703
-653.664506953
-32135100.9315
-48465483.4389
-45499586.8109
-59187434.7304
-72927531.1619
-37983360.3273
-53140039.0331
-43528510.9861
-48415102.1186
-55749853.7533
-121512.448294
-121693.082696
-220888.290177
-436009.469992
-30.2025699976
-30.1819040345
-41739713.2093
-6538864.90826
-54626283.9727
-28.1372650381
-28.1376245972
-51454442.6027
-36814672.4709
-50211394.5124
-48677065.58
-58355473.3955
-53791577.7936
-41768078.1222
-48102842.517
-56114690.1793
-29272383.1833
-59496203.5224
-55619416.8535
-47484567.795
-645.868535093
-647.701061021
-27.0751563833
-27.1246905102
-3681137.20981
-512387.047663
-433126.994179
-49617385.4175
-1571.64251824
-1566.48934764
-59938414.1467
-52342774.0102
697903.698598
-43088284.7376
-48622599.3498
-637.990874457
-636.012207378
-57521441.4502
-320.54878121
-321.009266926
-40.693146824
-40.572176387
-40375547.5031
-794080.863033
-238.178114482
-238.136762327
-48090532.2924
-43281569.9766
-4042674.54074
82574.1243363
-61245926.8753
-28758101.2522
-818102.357523
-830544.846892
-72872404.7583
-1194303.16808
-139.931038059
-139.995701707
-30330339.9165
-48105811.2594
-52271006.2005
-55758085.9898
-53463924.7523
-46374158.6447
-64026099.8664
-24.5413372476
-24.4901589715
-28.0307301759
-27.9744286597
-58067013.7344
-52537180.6381
-14709.7824242
-14699.7729869
-157623.575708
-151682.663582
-54536602.7449
-49249525.3137
-2367.79017097
-2361.53078568
-42428480.2815
-30086330.2952
9.38377733315
9.36326868831
-29802.305058
-29291.0649834
-30.5983432751
-30.5781927414
-102.20480411
-102.370334582
-58326218.1025
-45385994.7781
-47462832.6464
-71741861.4168
-56.9199142198
-56.9139652817
-52310202.0295
-2712471.59727
-260.120376238
-259.978750531
-34729871.9445
-43184141.2482
-449354.046524
-454545.529204
-1391.88730688
-392.309016055
-47815341.6369
-94693.1879838
-78975.4607874
-13705148.478
-1349300.79247
-53836758.7124
-200961.399825
-43541619.4269
-175.816821422
-175.752027229
-41479.741063
-136798.841964
-48162973.6913
-306994.461552
-279714.065256
-58.8647326452
-58.9864295029
-36.012720238
-36.0085449329
-52425759.8041
-44398306.0823
-45969785.586
-58087169.1384
-28405.4372762
-28402.1305398
-46595051.1595
-14200375.7991
-46974359.8797
-41.8572159539
-41.8160371995
-16.2531743149
-16.2778593876
-4380740.22079
-107.830576415
-107.915076028
-56807809.0435
-191595.658317
-193185.423944
-44917984.8883
-61329962.8124
-368059.927126
-53371567.6815
-46657851.2632
-51194150.3887
-63396754.8689
-53439266.7395
-57152856.1361
-55850204.1186
-222.278120248
-222.411306404
-57269328.3874
-72798692.7852
-26867.5738798
-26861.5205206
-39070828.1619
-54767420.3097
-53.1268113222
-53.0915711635
-2262.38198162
-2263.41714925
-1381657.28232
-38.0868470868
-37.9853759969
-42445703.1752
-9727.61207948
-9710.67303064
-17481822.5007
-50924212.5664
-44792041.1126
-53334628.2499
-47201788.3665
-45424016.3761
-44127773.1308
-70902080.0212
-679833.445017
-1507.53790846
-1510.5672083
-53259038.4653
-653.210126235
-655.049414256
-43591858.7249
-36.10666366
-36.0626312288
-57838564.6369
-53085279.0186
-3453165.99451
-61644837.8196
-45001487.6813
-6.12386849951
-6.11579783642
-90085581.5576
4152.69680435
4223.19576525
-39948462.3473
-35898417.9168
-9.86115451138
-9.85374781835
-53459416.1985
-30.4976575711
-30.566981178
-51204787.3003
-36719310.0537
-58.9135181395
-59.0199249383
-55731621.218
-18206.418151
-18199.7214155
-559.653576572
-561.005465249
-44347031.8777
-51523555.1295
-45556122.7514
-30265.1274425
-30260.3616754
-59508232.9787
-2918.67035386
-2924.16975397
-39505988.2654
-60194220.4857
-53706338.0045
-50798160.8615
-58587604.7694
-38336524.9235
-45736316.2072
-35705862.3579
-54250242.6298
-1022038.15175
-27062.0750447
-27068.0294547
-58329902.3886
-44322737.7417
-28.9137689482
-28.9568004088
-44431282.7613
-62820.2176115
-62837.5245766
-71.8503221074
-71.7057859982
-4035842.5856
-53037989.3504
-47489521.5555
-46022005.2513
-44697299.0492
-42209200.7508
465152.606366
-1203199.3942
-4003963.84038
-2423309.32407
-3605150.77448
-43477523.397
-68.146286372
-67.9902877614
-55770274.819
-50026869.0923
-37.2846478307
-37.1987516963
-50067550.8937
-26942064.5896
-59292667.213
-1792.15099187
-1786.74459217
-53538641.9494
-59411429.3981
-59.1605414476
-59.0404532179
-6406234.24397
-51139677.6003
-11730.0950554
-11741.8926175
-1143607.29128
-24997350.846
-48790288.5727
-56217961.9974
-57038650.913
-40541022.8501
-61.8086420498
-61.919969505
-49106340.978
-63.4352014617
-63.5858202485
-1874498.98754
-34.4884030696
-34.5036582122
-711.525053652
-709.818968314
-53044404.9607
-60159514.5585
-68641.7791128
-68641.1903344
-5494617.6949
-60823327.3307
-42630938.6086
-5.93631180294
-5.92746582889
-42182456.8959
-66405635.4285
-51718841.3426
-44116839.1848
-110.166199005
-110.1752266
-49352298.984
-444.629757143
-445.3058655
-45752476.5108
-39694586.2919
-58821839.3488
-804602.519133
-823456.068774
-52455650.0162
-45324184.2893
-58005674.8031
-65336270.9105
-1650027.55229
-52267217.5516
-1747905.20106
-65049592.5494
-47544590.1944
-27.125608639
-27.033562235
-48703733.535
-55291477.6335
-41795617.5137
-431.593867709
-431.246981448
-43386657.7428
-57766389.7136
-391.798779176
-391.362547657
-257263.069835
-308205.422597
81135.1961933
-5.01995049283
-5.0019458703
-53026362.9109
-11853.2577155
-11830.5887873
-29555214.3498
-59408326.5574
-47844628.2343
-21332761.1738
-58203760.3916
-51191704.9554
-11735.6183918
-11736.7074436
-116278.84376
-116289.349197
-47187938.2989
-54075245.5465
-12756101.8034
-53711885.75
-61847231.3556
-657422.2902
-29091023.5888
-49695483.7331
-46231940.8636
-63320691.9463
-88.6465889186
-88.8145032099
-64563296.0226
-1828976.39708
-110.583779742
-110.498943582
-63327800.683
-4033.9131513
2764.1503023
-555556.069026
-10406476.3511
-34330524.1205
-66135467.8861
-78240.0223797
-76697.8269544
-56962288.0601
-10819060.1615
-49720779.9331
-40016841.6815
-57808843.6312
-47146823.7357
-14.4108294892
-14.3625441778
-44997432.929
-182922.517801
-182953.963624
-47004904.0805
-53269673.2261
-45879836.8381
-59798129.3468
-56855655.5501
-26074.2963099
-26085.3437094
-69.1586230324
-68.980689757
-47420712.2142
-54412676.2595
-46914539.4906
-5526.93734418
-5525.93973147
-1081.90467612
-1085.81135368
-3654487.66887
-55686490.4614
-47947905.7998
-54752546.1607
-56550098.7462
-76720016.7095
-53737350.1707
-5183857.28223
-46055364.2659
-66792177.0862
-7637.73925288
-7629.51847298
-40166465.5586
-61022746.6531
-245154.235476
-12.7239603042
-12.7432879981
-519321.175104
-48453914.8419
-15900480.7361
-57054211.1873
-19.0466848996
-18.9674118993
-59796440.5522
-24237657.6121
-12379.7811764
-12377.640655
-6101.41683514
-6103.89182722
-75202353.1629
-551352.679162
-56419408.2237
-57509622.6332
-53810741.2556
-39.0540985872
-39.182025371
418516.286059
-54712395.2637
-37755780.655
-53852869.8173
-27.1539964198
-27.1219322351
-45631.868147
-45263.3665375
-152084.689183
-152726.675624
-383232.81877
-52523562.7772
-3888997.34175
-62121065.2292
-49186760.1293
-1698914.28962
-59256895.1357
-7559230.70127
-37004226.8195
-53084334.7224
-52724425.6172
-4.61684826214
-4.61097684914
-151.26154799
-151.120265322
-6684211.35344
-55986913.8686
-39749832.5998
-682847.061342
-810.423816058
-808.231492546
-46273081.983
-53.152037415
-53.0640780071
-52229643.7831
-41227740.5666
-54918557.9429
-1230173.58594
-57637737.2574
-46165172.4149
11657.3036607
11633.0616641
-48962168.1436
-35566954.007
-63.1699080977
-63.0526320836
-1207271.48874
-546375.726287
-562968.4225
-21423005.3951
-44292088.0756
-48830923.4451
-23515912.6754
-44435692.7548
-54267066.922
14597.0727974
-60914065.966
85.2185756359
85.6565297542
-47858002.6614
-52786718.8243
-33.3198173939
-33.3290423983
-30.2553134193
-30.2259517812
-46.577219479
-46.5766683787
-59547293.5728
-204.655471098
-204.772307598
-8882.98782034
-8893.23531191
-52275949.1238
-654276.021667
-61364413.9084
-114301.852774
-58890.1326258
-58098451.6908
-52360429.3263
-44164700.2075
-44686806.0354
-51274588.113
-45168942.5992
-44702195.9879
-45098777.9536
-3937670.48131
-50359713.9877
-435.252773124
-436.371461131
-42769176.4585
-170.041564352
-170.19866856
-5916864.16928
-68533361.9712
-54724456.3498
-55986694.4041
-236792.637085
-69766.078014
-63239994.8362
-37250304.9049
-239910.018501
-53805214.5393
-524666.274257
-531385.813212
-266815.858063
-222331.873336
-50896961.4014
-1908.3188182
-1903.25151919
-55789968.9403
-51397368.3756
-15469449.9549
-1599445.467
-6.11281779204
-6.10233545767
-42049878.7193
-50961563.7487
-48850646.5442
-3015822.52283
-50216891.2137
-53287491.5576
-52481334.0041
-44712134.7413
-63387855.767
-40251891.359
-50078679.7033
-46310880.5593
-55000830.8129
-59348613.1842
-51602523.3657
-34045764.5477
-49939769.3246
-60205379.3193
-17413350.8762
-64507640.0727
-51504430.5458
-3948.78080301
-3939.30136273
-21429.4062316
-21421.0895432
-62770511.2758
-38531851.593
-43811240.3007
-127547.358997
-127832.891837
-46696326.4753
-246.941088269
-247.07070919
-240957.268565
-49632176.2899
-55641071.5436
-34421935.1921
-41430747.6688
-51679878.7008
-47447753.9444
-109688.159739
-109576.592462
-45281530.7296
-43740477.2226
-57240183.1291
-46103524.2033
-58910878.0099
-866965.587626
-55562575.3548
-42534925.8652
-47632489.8591
-8.39566758669
-8.36765454177
-22.7559041367
-22.752232475
-63525455.0587
-4560825.98992
-54133251.7248
-11.5338078792
-11.4681729268
-56061462.7586
-49694270.7926
-61448073.7477
-58529877.9052
-36223.3026962
-36216.4436116
-42225422.2215
-50582801.181
-1943259.16016
-81989887.4101
-58232829.7271
-49560250.463
-59210109.2835
-8533437.1976
-42718959.3585
-4391370.88157
-55324572.1919
-41636443.9354
-850.962237172
-848.188243728
-45950199.5593
-2523.87260722
-2529.83946687
-45728919.1805
-62198188.9656
-15187404.3692
-57755403.3025
-23920011.0673
-871.168263841
-868.272869968
-64675858.2045
-47004370.2184
-45685113.9146
-47736632.9499
-2889.53661499
-2880.4266834
-35256579.0343
-8469134.07935
-44039750.8893
-49826285.0307
-1461.63118342
-1459.87318766
-52891192.2576
-220460.075148
-224166.872311
-35296059.3838
-54905591.5669
-34064672.6541
-54309822.3656
-55246.3065249
-55256.034043
249216.632127
-17283930.9229
-46796418.2741
-44115382.6736
-56310343.7835
-66634468.4924
-50045733.1004
-18633.4419435
-18639.8228067
-52051527.8494
-49628158.7279
-51801201.0817
-7209259.66967
-49765575.671
-44189385.0653
-56156115.1495
-48268754.3871
-71007039.661
-257306.379018
-283726.264404
-49693516.4777
-46.9437926908
-46.856945407
-53764534.6551
-49179619.6892
-343.287983796
-343.63783109
-39917624.2626
-20.6148569066
-20.5660468404
-35811394.5345
-187856.645304
-48318592.7482
-53971243.2443
198.008040975
198.102744301
-54322660.2413
-49025622.9435
-31.4345527656
-31.3820495189
-40104588.9451
-48500021.8394
-817.987223519
-815.426401078
-55977434.596
-50683228.0533
-62628337.7351
-8067876.6211
-621.890684144
-623.693961842
-46463243.9868
-40422.6638769
-40170.2313588
-49769551.36
-142003.685588
-141938.607924
-56902590.2399
-66717072.9747
-60009319.0696
423.504468813
425.603847328
-48636046.656
-56485834.6455
-35.8081685711
-35.8092662322
-51170969.5033
-60383016.2513
-276912.252677
-9472542.16107
-42222825.7484
-32587807.758
-7942.47470503
-7947.81107969
-41681090.7766
-46647240.9063
-106515.262963
-106645.497448
-49292698.3986
-49701818.5811
-40422260.7224
-239599.140279
-427570.335127
-53599038.7441
-7482.01338199
-7468.64200307
-659699.267657
-60778798.582
-619405.568765
-39463349.5644
-44564808.7656
-50490409.7455
-39519314.1648
-39516858.229
-55734205.9119
-54533477.432
-71.0819559876
-71.2069419034
-53286233.2903
-34.0934156153
-34.0670202401
-1166100.41858
-46600907.5802
-63050562.3547
-696183.906854
-92.6299793549
-92.6435040428
-53046763.5184
-44139248.4726
-34597599.3339
-54614.40676
-54619.9237496
-51713197.7393
-988359.013052
-44267578.2938
-39798949.1813
-57159314.6922
-49051298.5436
-47423670.0625
-273.313997441
-274.303461072
-100425.870972
-100297.478068
-46977353.4464
-20607.2901983
-20376.4826952
1092212.1353
-49354262.9225
-71690064.9303
-57325.3827531
-57325.5656374
-48804649.5511
-42072812.7783
-50274732.0333
-3187149.05838
-47364.876379
-47349.8205204
-57948777.8623
-42696965.997
-680969.032996
-697185.221078
-68635851.4762
-17651292.481
-46.6332696559
-46.5094100731
-2743540.43738
-37769149.5785
-51194449.8286
-1278.57292926
-1274.20338855
-47556858.7022
-51679719.5526
-8730221.52787
-38943394.4887
-3157.78886857
-3149.05500603
-70323958.6624
-52238004.4228
-54272852.3802
-68629770.9666
-28927691.5831
-49839478.7322
-43544725.895
-42986602.3493
-19.9031082194
-19.8867274156
-56843115.1953
-12345.845086
-12335.038283
-50.8230887741
-50.7933953646
-58235463.0159
-41442674.9987
-44166414.7447
-52276320.2785
-10366000.9709
-57677468.7367
-42.8478317452
-42.8467007449
-48503882.2901
-49616885.8197
-835.434481338
-838.170007179
-31.9544859104
-31.9146675942
-14593615.7927
-1858.45877106
-1854.02412742
-138999.404797
-134541.101649
-49546213.3342
-63784359.9255
-41176634.9704
466878.774077
-42024067.8239
-13841530.3527
-59497031.0322
-39056849.0036
-50421895.5101
-55052934.3896
-61224458.1507
-49229842.899
-19344093.0266
-63.0026234581
-62.8140748498
-927450.708975
-49618393.2656
-61507727.3354
-43656654.8585
-23633.2500022
-23634.0775444
-51224597.8034
-9957.70398901
-9943.36113433
-57060790.1597
-49690872.3079
-44433747.4106
-47167821.8679
-57652140.6856
-4657738.33562
-47003573.4675
-682924.627771
-691400.590462
-53992540.8124
-49807273.6169
-58601609.5016
-59600661.1199
-65.9334965139
-65.7970489965
-52137560.1051
-46436998.301
-20887036.3283
-52286418.2901
-48538549.2924
-58609830.5268
-24266709.7723
-53388057.4574
-42441677.416
-56619411.3769
-63842227.5789
-818414.580305
-37626251.968
-194504.858597
-195247.866165
-65954777.67
-50530299.756
-482093.376151
-1609988.06697
-233.079221994
-233.405422589
-63070558.8173
-23045.4606153
-23056.7031722
2062102.75102
-43281078.0068
-66160599.5237
-45522913.9912
-1557511.89405
-36.0836657519
-36.0032770865
-52275711.7492
-55444884.8748
-39577526.2715
-62304407.8576
-32890.4196274
-32616.8700538
-42114799.7662
-41499585.3209
-48205968.3658
-217669.40245
-218315.780483
-49230406.2636
-48217854.2034
-48571173.4586
-40976368.5666
-62718705.0576
-53263133.7671
-51844079.1463
-33057.011125
-27291.26193
-4599.85238141
-4589.83660327
-6110444.34744
-54813510.8277
-165847.76758
-165778.45942
-53753441.074
-23.846544783
-23.8142865665
-7349.36351242
-7336.27916615
-96.3031719147
-96.1620770593
-33553707.4594
-54798321.5188
-59034898.0254
-18.9880850857
-18.974454014
-6.7743610096
-6.76508039043
-54438543.9056
-114786.745918
-55439467.3916
-8327351.85891
-25.1871318087
-25.2448892985
-51726671.2691
-37.5409980692
-37.5625424465
-50059619.8135
-363406.816118
-340813.242013
-130.749657854
-130.89110309
-50224603.0074
-53417723.5821
-2187252.77692
-38497706.5175
-50.0725513037
-49.8920914908
-58767135.3312
-134.915232012
-135.364440564
-69876.8627888
-69827.8199864
-42112149.4238
-68386615.258
-46651005.4817
-52431135.4849
-209.319134603
-209.566483644
-12718.6435795
-12706.8429845
-52918186.7957
-56.0965719764
-55.9585619421
-43133327.0767
-28.2762719794
-28.2142462469
-54899400.3459
-51623639.9544
-5169661.11607
-57792336.1369
-51438173.6681
-38.6653544544
-38.5364701943
98927.2163643
-55241444.0577
-8843686.42055
-42223901.4528
-45630559.3969
-40110.9697114
-39845.348861
-32016154.9434
-45227527.6829
-41950536.2127
21003.6561633
21030.2585014
-55806450.6686
-48258487.5931
-41685803.1001
-66074494.4381
-31418995.0202
-44378564.0356
-6.13180867136
-6.14055794815
-39443612.4355
-49303284.2041
-51650991.2634
-61775556.1559
-52585472.1969
-55344214.532
-50405835.1101
-73224222.7474
-90755.9612988
-86683.9734925
-48337375.8296
107977.443446
-5782.10280698
-5791.78201135
-54042488.6378
-53590537.7459
-1073.03387398
-1076.06333293
-50799717.7984
-53347381.6055
-49032081.7039
-46244142.3494
-4709.72721928
-4707.45223641
-46334050.5934
-779.033650374
-780.828601559
-29779793.4176
-52556854.2217
-1036470.39059
-49889718.528
-34.996314596
-34.9553687009
-51962261.0026
-59699522.3898
-441605.76896
-269055.465798
-46514403.4026
-57376726.6878
-55755574.4427
-39675433.799
-38168136.7361
-46841660.6885
-53491783.0025
-72417.4332758
-72083.5210034
-53500642.1357
-54413653.6516
-2295480.18452
-6992346.84311
-2029.6567085
-2025.00441972
-292783.488145
-283779.971876
-56637723.3992
-831.183913402
-828.596966011
-45406.9943995
-45394.2754292
-128.66402514
-128.515844293
-89719.8422856
-89548.5644347
-47237438.1744
-58050419.0787
-1619725.91774
-42962101.62
-50056894.5056
-341623.148989
-52848182.5712
-26.7743700826
-26.767517768
-363735.580799
-49519849.4879
-52751976.1896
-524787.060763
-39367405.0778
-50158421.3771
-43864164.0562
-55298156.6571
2953.74538383
2959.11771877
-57006953.1578
-41254378.4353
-52083476.8399
-50501193.4879
-1116300.27795
-91580.4959401
-85698.0079887
-46823529.6792
-51999427.77
-43207359.8436
-12080027.7799
-44287802.2042
-59765317.3116
-48741165.8119
60173.3612165
-24.4145964812
-24.4037745588
-22000207.6627
-59707992.6055
145.293216647
196.683648678
-51159021.6638
-57794034.2393
-44969850.7618
-1915.33161028
-1910.55620306
-43765.0950299
-43108.6341418
-81.8313712325
-81.7154204216
-11642828.5437
-56203510.8314
-50520340.1769
-51791656.4427
-37081225.0576
-55316962.1769
-2424452.95171
-268693.315103
-268731.479648
-548.88713285
-550.399475659
-43111609.5409
-50329058.0861
-31105205.685
-1806939.01768
-27324.2200992
-27306.4844648
-159.22201048
-159.324903012
-145.99968816
-146.024393485
-43568335.5494
-59999722.533
-2638259.95914
-29.0081563951
-28.9585882937
-63683471.2494
-61301651.9621
-85.7395782753
-85.7693002644
-47927426.8286
-31.7917377416
-31.854917572
546193.597024
-3979.78082492
-3986.91567461
-41925047.0984
-141048.197242
-140337.125415
-27754776.2456
-38191675.9734
-49252988.1129
-62446199.3281
-4088.42860111
-4095.95039357
-48893168.7408
-49725163.5124
-51019055.073
-47087653.1558
-1988.32485398
-1992.6981204
-56098932.625
-53302390.0882
-53276476.7733
-46126480.2017
-11410123.7521
-47862331.6223
-43273814.4271
-5863631.13224
-58266959.9214
-49225113.5758
-2.02604436237
-1.99381390657
-812515.814402
-851433.189321
-50.7070803084
-51.1906065447
-33364249.6601
-2739388.98112
-43819988.8469
-46833727.3731
-59440861.3791
-54281765.0457
-51348397.2021
-18.981107777
-18.9504660719
-51027848.2523
-95.3666072447
-95.4776693044
-24215762.2073
-50533864.7415
-1052.94134062
-1049.35724464
-360.591772168
-361.526018789
-55284768.3931
-53509805.9004
-43443488.8429
-47056911.8449
-55653345.9536
-8157.33840656
-8146.08075749
-1307842.19327
-48558406.8933
-2964.132197
-2969.66765247
-55909392.3085
-49590571.7418
-52123639.8614
-63515219.1697
-656876.324994
-64772542.0489
-885141.181095
-51248863.649
61338.7603531
-49233810.6843
-9817.61080346
-9817.65015433
-5496545.57333
-40060900.5503
-207.243105392
-207.534447473
-54774027.7544
-2380852.54733
-33.3384700363
-33.3912243962
-58738652.4145
-60821763.3561
-13821917.5632
-5741.12998196
-5748.06135457
-30.6970669889
-30.6453305023
-63884809.5973
-56911035.2837
-48489697.7561
-180142.230898
-337132.552193
-307976.104746
-23.8805530311
-23.8595255083
-48158806.9744
-413803.929173
-41869707.4089
-64881.2280901
-62035.3276477
-34.5966149665
-34.5832644913
-42145274.4092
-269812.194342
-273883.16322
-55645022.7338
-64273024.7078
21182.570244
-667.002291861
-668.709278231
-3355.79230268
-3351.86570942
-45480035.6184
-49587722.7193
-14580.4901175
-14556.6121102
-54357542.2437
-254.769064317
-256.179347266
-148.106970151
-148.235673961
-47653693.8038
-50062084.553
1205.53776887
1208.37722682
-1411778.73096
-51260853.1296
15994.1302354
-4252746.2399
-45239427.595
-62600350.4276
-55881973.4658
304776.497906
-41577824.089
-3310.78180374
-3321.47224257
-66112033.4857
-275.131906026
-275.313756226
-55268.250234
-49988.8251214
-144637.55024
-74135.1811946
-56908797.962
-2574.96102016
-2580.00846977
-25.9603922546
-25.9260159841
-39054967.7585
-42600641.6528
-47.0867542525
-47.1782152883
-51405995.034
-64754657.6774
-50517551.4237
-50861265.9264
-51829088.7296
-21457558.6204
-46092413.3712
-339691.201699
-342159.759099
1569978.96549
-52178379.5435
-48043238.6771
-38121358.2545
-47388720.0696
-59014299.9176
-48278989.0221
-39437414.2317
-85216.6920433
-80974.3871492
-58465439.2123
-509295.927776
-516272.652921
-33649999.3545
-48612077.1568
-36846572.6952
-56163684.5527
-67609763.1276
-54871561.5525
-48932869.8264
-44737529.0349
-11959584.1658
-1509868.2663
-48854847.8886
-48653717.9277
-59231293.5429
-57107029.1702
-57764083.6391
-5627744.05481
-1124.67289625
-1128.36125383
-56213948.0127
-60010.359565
-59992.5628356
-53729207.2174
-1110761.31167
-53192543.5374
-1438377.4064
-393074.933574
-111387.342926
-111128.30713
-46194002.1686
-66701791.0698
-46199022.4541
-99488.160291
-99571.9812044
-66807348.7387
-51181536.0638
-1358882.36745
531486.709648
-36682632.6003
-53322984.3018
81253.4780465
-67697447.4893
-48503528.5114
-52645972.8487
-56736355.0923
-55434283.1893
-36313.1208429
-36307.9651871
-50776896.9954
-532665.55304
-561957.606087
-233.557504013
-234.020506416
-194.161001279
-194.306458947
-41618401.9129
-53.8956315021
-53.7869144541
-49054396.6004
-55721744.7514
-70630.3966222
-70607.2915583
-51737386.7897
-48574212.3137
-9758.13127127
-9764.7268693
-83.6542765394
-83.7702587713
-1058358.55984
-49541388.0002
-392.040048435
-393.313641173
-63131.4414916
-58455181.0913
-49715395.6954
-47585366.8931
-246.30015293
-247.403136093
-47750811.4196
-1417.20692871
-1413.18803422
-40323687.9023
-42418378.0631
-61585132.3628
-40737308.9797
-62369001.3182
-292814.122536
-302993.836649
-45911950.6632
-28353.5882903
-28251.1986539
-44044636.8624
1778.08764469
3152.82302954
-65168103.9843
-387.874562551
-388.38037399
-4748693.00787
-108514.306446
-108482.514161
-53108144.72
-45727223.681
-731.709045171
-733.737700979
-51607490.6948
-778900.454526
-48148927.1269
-33480528.8038
-29789194.9634
-43629598.5411
-2466745.85293
-48831500.1586
-47738152.112
-2649934.47497
-44410304.7204
-50177374.7662
-34411909.2953
-64694772.6313
-42127906.6576
-390.228886906
-390.965819853
-50466141.9054
-55576154.2868
-36344096.5296
-50196590.7128
30771.3232806
-2.65857171335
-2.65325811559
-45389338.7172
-47857760.219
-28.0073856543
-28.0508179522
-47264495.2684
-49126640.188
-11.6949617993
-11.7033603696
-409.433214549
-410.13592276
-44216634.4747
19870.9771208
-40894572.6696
-60099721.2644
-2874.73325641
-2885.15436639
-66559558.3434
-430965.299556
-60137272.7135
-42288618.1128
-47736723.2994
-6868043.86017
-50366561.7126
-52097427.088
-50226300.2508
-45742647.6884
-4006.07530023
-4014.67340562
-3443.85450225
-3448.41346332
-300525.913337
-26883975.9005
-43854734.1297
-937.586547498
-940.511008669
-51.6457229891
-51.6468554207
-58518481.8565
-49955242.0385
-46845291.0079
-47191636.4336
-43.8685811724
-43.9031125338
-48588163.7641
-1201.33178665
-1197.32745227
-53530971.8444
-2506.79569889
-2505.11493813
-7010843.0755
-212531.412264
-51094797.3314
-35412725.986
-9528640.00687
-334617.115513
-360798.233806
-6101.06510535
-6110.54897828
-31.2144206035
-31.1723119353
-45880904.9008
-46426735.4647
-9154320.87585
-59169756.8708
-67682974.9712
-54698225.5542
-35.9040580919
-35.8570128244
-51077055.9405
-5803839.42141
-37670024.0343
-198.61724361
-198.647935591
-566.91162565
-568.692206426
-47665122.8544
-38985550.365
-46274411.8721
-60300453.012
-45458495.7938
-13.2383074256
-13.2107690866
-48510539.4451
-48439679.0602
23.8706493624
23.9827785356
-78066889.5986
-57245896.7689
-24.008258892
-24.0642033612
-33.6181205548
-33.4799955171
-59326908.2359
-49121154.0001
-54654974.753
-55623775.0299
-47842953.813
-45715889.2811
-56749748.9908
-6913739.088
-47061242.714
-1101827.3794
-33730422.1136
-22679120.3075
-175837.189318
-177200.311402
-46118875.3713
-51350748.481
-27180.3004687
-27179.9484031
-60802060.1469
-363628.990716
-49519416.0086
-343175.864622
-345097.054422
-1421328.63262
-60127265.9933
-8317108.66374
-18681.7411349
-18624.5193742
-56796061.917
-45968118.1174
-42959322.1213
-52701985.2887
-35873630.2398
-57570348.0906
-919.538764145
-916.408868941
-58339661.4919
-60967257.5671
-109.586650007
-109.610902847
-48582403.867
-34249.3994462
-34212.3562901
-62831891.3195
-60346380.2303
-53478844.9567
-52006465.0713
-48743519.7649
-58650738.6581
-53524422.459
-11592947.6993
-38341460.951
-45170044.66
-16.8618842677
-16.8885344073
-58096761.3362
-49662397.9664
-57738778.603
-5473146.34228
-53590629.7373
-79805.50233
-76211.7795893
-121600.335769
-121800.028976
-46464350.6317
-178.067985924
-178.180666909
-187650.494677
-956949.043927
-892277.321471
-5612013.87879
-45161455.7881
-49527616.6864
-15226.4478489
-15209.2386653
-53670882.7969
-70405547.2785
-57328822.2072
-246751.474998
-271010.349987
-560.298446844
-561.437846602
-53731466.3718
-11774681.2676
-51861317.9144
-2127361.38984
-66453389.4586
-12.3382357367
-12.3491169709
-51397822.6589
-43833683.8913
-38376849.5499
-3814042.975
-55.5551171979
-55.6637277442
-50943068.6156
-50034368.1973
-8405820.15701
-80401.8110068
-79824.849049
-32.9167604319
-32.8803568119
-51179432.3513
-47373079.3989
-51885223.6298
-1970.78126839
-1970.15768799
-47511635.841
-365.673260569
-366.518378642
-41360012.4865
-175144.505624
-48751553.6953
-49979891.6383
-34779998.0462
-45409134.4472
-503.87556104
-504.997561621
-61065158.8105
-9.44958855589
-9.48955174366
-59377687.9361
-1179797.81398
-584430.130145
-593559.590361
-90535.5921798
-47811190.6571
-46557934.4493
-60004755.5945
-46638876.3425
-43436073.7004
-42823.7698774
-42801.704215
-3006.5774927
-3012.561504
-52496417.764
-44936154.3641
-56760229.4764
-56561478.053
-62432879.2674
-45170456.2994
-54802693.939
-60963.2277902
-60929.4495729
-56422555.8312
-5755359.8477
-57852645.2869
-51475186.2722
-166819.408092
-132267.100578
-55624513.4616
-42175726.2195
-1258525.55762
30860.5327654
-36969889.6568
-8965730.90089
-23174795.4511
-31245.2273294
-31223.415576
-50074455.4895
184856.644728
-51756652.8864
-52373732.7992
-57818292.0741
-52003220.5528
-80574.619865
-79682.8490477
-46031920.4647
-2724718.34352
-56527860.4685
-41933429.0864
-1063.22085631
-1059.47951155
-6709835.52617
-55395630.0498
-47419261.9422
-2017.48905306
-2022.65855407
-1152.67173584
-1156.03457474
-59468202.1244
-144.01287212
-144.090284787
-50283705.3077
-53077312.4579
-50411952.3021
-44468905.9202
-2.14953103308
-2.1398061774
-64579.9121553
-63624.3654784
-49419527.4466
-53598780.843
-2912648.93515
-56712885.3913
-42551825.8118
-4744963.72432
-30090478.4022
-3926.76882274
-3925.06216328
-660.611133645
-662.684294455
-2215627.68357
-53449490.1751
78436.333506
-130.412627829
-130.500401372
-51527315.8206
-57616579.4945
-738.963625647
-736.082388036
-46604008.1294
-52070648.8093
-46552698.3809
-44244.8296226
-44065.1532505
-15058042.327
-49135465.9785
-20909.8688679
-20908.6528888
-632633.029599
-641153.903886
-53.4487765004
-53.5001026619
-4997.94403417
-4986.34184656
-1577427.48795
-45181820.9657
-10105255.1175
-45660693.3698
-63124474.7335
-58112671.2622
-37635046.2971
-61456021.447
-2355.30316691
-2348.33275997
-541.570896921
-542.468107864
-198714.259954
-134032.121231
-31.9677726049
-31.8964465173
-48598488.5132
-47433547.1651
-413253.054648
-52785522.8519
-55371428.9842
-53410158.2778
14639.2756266
16235.4184049
-208362.206533
-26.9424681941
-26.978486198
-51309626.2442
-48353205.9187
-45883132.7326
241.667940451
241.86341698
-460192.641111
-40250185.2901
-1402862.24798
-1959675.29283
-48662973.2059
-47931840.711
-46229308.252
-49235055.5016
-48211789.9535
-12537626.7685
-47609815.3029
-57025653.8077
83.7644232363
84.0223439986
-96695.9367105
-481528.328986
-37.3128208093
-37.1602072714
-53260968.6826
-53172061.6452
-196129.301309
-195542.096267
-48765341.539
-43853783.4929
-60326211.5765
-1169797.47302
-49.4193009405
-49.3087147592
-904553.802615
-59473369.9951
-6329603.76375
-7500066.27956
-43480371.9997
-62990172.4465
-39490096.2882
-44245666.8898
-55116032.8217
-43440733.3362
-52545542.4067
-36.810105223
-36.8534542719
-6279.99042961
-6269.49546866
-1790379.27937
-6933024.02387
-1472622.24965
-55360359.9091
-618.27230908
-620.328140352
-49076508.6015
-1003733.41552
-21934.4096463
-21930.8887294
-381.97466357
-381.779545118
-44629486.3108
-27474131.7982
-25170.5110895
-25172.6769433
-37893392.0878
-4795.47295985
-4804.27331984
-1259567.27032
-135.102565388
-135.271303641
-27450754.9792
-48890160.502
-340345.958188
-57749599.0394
-49298200.7626
-555.779870797
-557.046062185
-8974767.79614
402.207244341
401.185657262
-47635182.1658
-10775639.2586
-58489883.6451
-55851458.8752
-45797721.6976
-46414416.7157
-49383030.4715
-52252494.3106
-5508407.58523
-56790764.7155
-46792815.149
-51983690.321
-944.704961193
-941.561682704
-45490600.4407
-18.1852999603
-18.1921353508
-55985207.2943
-774.638703992
-777.124633275
-8738939.81239
-57651425.2323
-1283.85858248
-1287.70701006
-51339598.6345
-1337522.79544
-40301146.931
-53379513.5337
-34.7427928939
-34.7902405406
-5293.42542557
-5291.06459541
-23627764.9132
-147.385235365
-147.404959478
-48394745.6457
-43278760.157
-45284121.4404
-45848196.677
-31290661.2655
-63920405.0882
-3127909.90278
-48313719.9009
-42229251.0699
-55706355.54
145391.263007
-1631053.51485
-27062.7550124
-27069.0558186
-4680.54975719
-4684.4687107
-28225.6460284
-28153.3732837
-56164395.6163
-27253147.9576
-997679.182601
-46433362.5944
-45.6214810045
-45.6622943514
-4718574.39708
-57652128.2552
-54.5993179474
-54.6947132562
-57423599.9546
-5957831.61418
-451.122799081
-452.021415073
-55347218.228
397.084975366
397.238756621
-112659.565528
-109629.123613
-53327296.0664
-30057356.6425
-47553835.6686
-4247545.93563
-46367451.5079
-1077.76929932
-1074.08137208
-2625852.64492
0.130029809088
0.128699873543
-8144964.80858
-57287916.1438
-159122.919599
-126732.779749
-53662258.9925
-50129734.9711
-1567009.54088
-14.4276107199
-14.3838568189
-836561.575633
-796856.455102
-29562313.1896
1440022.09888
-56577783.4759
-307575.325791
-306708.735016
-33846365.5023
-2127777.58904
-43342040.114
-50361015.1936
-46641494.8533
-60.9230251407
-60.783698664
-17622318.9978
-57697054.7349
-57610492.6396
-47721275.5445
-69012.0481338
-69041.5056088
-35428127.5611
-57623522.9265
-56312306.8623
-53266709.1996
-55784644.8185
-49310159.3853
-29358160.8195
-17905558.7923
-53818950.7835
-52380493.3578
-364640.190386
-54354532.8155
-35251822.6192
-55201359.464
-41773646.8416
-52839192.8781
-50210007.4679
-43781742.5288
-47973295.5271
-989.157047982
-985.137619536
-53155512.9481
40.2785255568
40.0909018497
-440.148405719
-439.355786913
3377456.18213
-453635.894081
17034.5336483
14325.6273094
-63215496.6797
-41777352.8429
-56949817.7061
-48036.1230178
-48003.5858549
-16775270.0754
-55360786.946
-51576705.5941
-66375837.8613
722.077615533
720.66235974
-41527900.13
-2124117.11127
-49847689.7677
-47537576.7615
-11285.0883655
-11293.1502685
64967.971167
-44634461.3392
-51424170.1515
-261.417147527
-261.788103438
-53663441.5517
-40555729.9778
-2093015.69195
-484.388513076
-485.826097311
-51393324.8822
-892194.412621
-59574081.4643
-680355.068731
-30627.9319931
-30629.7698397
-41131885.0339
-53815794.3861
-25.2132909878
-25.1628272135
-54468484.54
-45493483.214
-49785741.5802
-55650919.6652
-116.093144931
-116.023598686
-52376818.3862
10.2445386027
10.2499764329
-40120578.0094
-60032287.7632
-36882412.5629
-55863.4318157
-55473.0748916
-5309.56926961
-5317.00907765
-229534.879925
-24.5536920746
-24.607539626
-46399787.0383
-48461852.3022
-63731220.5087
-359041.927971
-361907.22803
-44076541.0334
-233253.756746
-230426.877135
62.8798530086
63.1956493684
-259.638311301
-259.922244788
-6941761.74319
-56561168.6586
-42685168.9028
161902.984322
-47931289.6126
-57243024.8004
-48719826.5461
-50076766.1784
-46623664.8703
-53.9334417809
-54.013074419
-49629347.5522
-5980765.22145
-38214947.9312
-28238407.3776
-52089716.7868
-100.54753082
-101.232690374
-37115573.9828
-52032633.6585
-49348659.4912
-18889.0119252
-18880.7433002
-442771.587799
-56576388.4096
-51759110.9678
-64516811.5395
-49330072.069
-2145958.78864
-57512272.9102
-51511406.7529
-48350514.9759
-51852301.4545
-42594214.1777
-456969.572514
-33709401.1786
-50106423.2074
-41238646.108
-53648468.4477
-1743152.91751
-22.9647572612
-23.024878088
-43667293.5251
-42137778.4364
-44184636.0306
-49879892.6098
-51737276.5647
-54457765.2869
-51356758.9657
-50262056.5551
-56766840.705
-14.1366534986
-14.1015814496
-47511735.9026
-54588375.3221
-15700.5449532
-15698.998799
-97253.1968847
-97296.5154857
-48490665.7735
-51476129.6318
-45517.1287152
-45443.3729818
-9263922.39037
-38623783.9863
-46385973.5166
-28769247.0349
-3109965.91424
-38789478.4083
-56074962.4951
-47684473.9148
-11.9509611435
-11.9642763913
-55936958.7229
-52840828.3033
-6582056.70547
-544993.558118
-43654114.6596
4127.49345015
4741.46541723
-676.837226877
-678.797883811
-51063464.3277
-61319369.9266
-60390265.5099
-44616187.2059
-578573.224974
-59072285.9913
-53419902.3068
-42122692.8442
-42866213.0015
-48326339.9475
-45500121.0228
-41141046.1014
-40392430.0892
-47505781.797
-64096.7441703
-63890.6616076
-71423311.1363
-2923.82883048
-2916.13831485
-1594.74019243
-1599.11522363
-41588771.4988
181108.319728
-20899192.5333
-2752759.47836
-57266680.7496
-42623876.6254
-43755688.5249
2017.44426367
-6282.46750862
-46028682.6862
-36497801.1137
-3941582.78162
-46069502.2984
-48361095.3806
-56453838.6426
-24497611.6237
-121.678265529
-121.580844672
-30109.3666145
-28772.4636696
-59830258.6362
38026.3074288
41047.7953138
-44257337.2731
-52723230.2526
-26425286.2056
-11618662.6986
-52925695.683
-49141459.5002
-86069.7559244
-84196.0645618
-8858419.03776
-53198059.4001
-21790035.4754
-49740899.29
-63624522.3298
-42747534.0568
-7869287.99136
-120322.015517
-120269.855536
-39984118.2699
-43854948.4958
-43373320.8439
-353.35300403
-354.354855046
-60487247.8749
-56134905.7258
-1872755.24027
-46391526.1093
-60522387.1245
-47158186.4985
-47852674.3682
-2153941.75815
-1326228.7996
-50136179.4594
11565.3903683
-48540451.2438
-45926029.1533
-14414562.4578
-52598434.8499
22502.4530123
-51639949.4312
-52936203.782
-51720625.5452
-1246006.97056
-57409699.9516
-308131.728234
-35914416.1389
-2054887.44317
894927.490249
-47623864.5754
-128.45685197
-128.272705905
-16779082.2157
-108937.886976
-3129.1752528
-3135.55983976
-41919193.9318
-28.8688898739
-28.7947535672
28373.3062719
0.622498770501
0.620625947206
-51495295.4146
-51775554.2881
-126357.070731
-51489797.4901
-57136249.8016
-50925938.3537
-58318953.162
-46093417.5914
-51386796.4653
-52892978.7331
-56577898.5686
-41656358.0001
-1381244.99283
-52282423.978
-42497557.8373
-1697184.29955
-6796.32872044
-6802.58863928
-52480571.8854
-26.6109192258
-26.5795166062
-48450395.7384
-57790723.7502
-43295034.3516
-1736126.1723
-189.486886801
-189.556930621
-59756.5028381
-59711.8842296
-43666343.0067
-37726069.3753
-45749342.3982
-50280923.4243
-57250001.9336
-12490285.6521
-24.6661485403
-24.7287984949
-54287170.1281
-61707745.2689
-56214700.7217
-46291965.7707
-45864651.4922
-2996247.81756
-321690.351154
-322963.629437
-44870639.4143
-46597850.3897
-32696534.034
357.456049175
357.631022861
-68554513.9579
-43489617.7728
-38.8165991332
-38.7702332084
1050.65844282
1066.28640972
-72332654.0478
-48391855.7479
-66995367.5349
-43991876.9874
-44339382.1342
-51592751.196
-52954829.1808
-88132.8102197
-88102.2947928
-51058824.0945
-6168887.29407
-4671113.17244
484457.224991
-37620073.8408
-64217984.3447
-50681440.6003
-1441.27272299
-1445.88566292
-50924615.4032
-5930940.90317
-350826.228156
-348956.641837
-59406852.1405
-13911.1213629
-13900.9120303
837734.852173
-220.505948113
-220.667420764
-55392295.1447
69500.2386704
-48869719.9536
-34996.881987
-34937.0169492
-54350263.7305
-22594.9672103
-22547.3258441
-66436874.2962
-54533049.4633
-41980442.3655
-693.47310678
-699.366316965
14.1497780376
14.1778652131
-41519604.7385
-1337731.72798
-47923406.1592
-50074893.7068
-64575258.4599
-2296723.84255
32528.2180041
248457.9986
-368.278798511
-370.036076434
-52992605.0632
-484874.053908
-52190041.8412
-1076957.13424
-36092887.319
-41136042.1161
-2224884.65146
4224.33111494
4148.05817401
-47026141.2265
-27.8890362431
-27.9306689438
-3157187.52421
-43964727.2121
-24335.724253
-46668709.2142
-20919.9828951
-20763.3875687
-34540830.1329
-40661547.6543
-51463194.1632
-59166958.6589
-29.6805897718
-29.6219468079
-50020299.5379
-47871020.2426
-14793057.136
-59997218.675
-340082.282219
-45364244.9265
-35686711.1305
-100.858768658
-100.768709858
-50424083.1228
-44004919.0124
-58167278.1005
-46002695.1414
-203490.360848
-205285.596125
-5059560.61994
-71147253.4515
-2105.79321706
-2111.23807419
-49577761.4592
-41964320.4501
-3014.1909139
-3007.6483805
-47211249.5665
-8818.42601567
-8813.28813566
27298.822109
26113.0213306
-59364207.286
-56259.7379486
-142.539663032
-142.547386033
-47600322.4261
-32.6124895465
-32.5737041545
-44141671.2506
-40127736.1195
-41626529.8211
-292322.064772
-305880.492057
-49927586.2312
-1577200.038
-39835494.1719
-55483821.0634
-51169451.517
-41972181.664
-48303005.6653
-32883006.4954
-56426822.3888
-44246260.7244
-56662990.7083
-5042.13190333
-5046.20503756
-311.909421517
-311.647286902
-68063461.7507
-48628402.559
-62050054.8703
-46401528.2323
-62442035.0359
-56861012.4138
-45428829.4304
-51429896.4058
-48023260.3028
140495.531299
-29.0729129652
-28.9624996549
-50700825.6482
-52757228.4392
-3777.98676897
-3770.95038568
-6406552.70164
-51260861.8603
-1808434.67553
-169.721250324
-169.873189898
-42652011.3611
-51315505.6883
-49627116.6419
-41659684.5763
-56149740.0494
-54181654.2137
-48791625.3278
-26.7269640859
-26.7953292754
-633.689584521
-635.381929513
-58382308.3081
-10890383.7373
-47366574.0403
-41.6575595955
-41.6127578127
-47704311.4051
-44910714.563
-71599622.4447
-6466233.72675
-52244491.2519
-55882577.9632
-47505591.5518
-23233706.5816
-51035304.781
-1084328.40821
-50034022.1446
-58416672.2939
-25.4853077853
-25.4206961139
-3756.03276865
-3763.93207201
-28516409.1548
-48673728.648
-48488911.1002
-56716220.9122
-55387622.0113
-1488754.67931
-65130540.1753
-56945042.7544
-53159602.0361
-8201968.07253
-57183.6075195
-57165.25499
-23967409.6799
-44753781.8017
-1072.22907762
-1075.84520168
-57514365.1776
-52189191.7574
-47223882.3977
-60997155.1842
-1560597.6363
-45559247.7799
-42617212.7193
-1768218.86538
-55769826.2127
-56104997.8386
-1407142.97144
-53618609.1886
-44440915.2173
-57446996.7421
-62777237.0351
-24246986.7632
-41094599.2654
-3202936.03307
-59378943.7537
-54830847.8921
-1154418.21113
-50858019.1547
-198385.859696
-183841.830348
-43968457.0967
-39.3052600469
-39.3939028322
-1743853.26569
-47137352.7208
-4989.77742286
-4995.90965468
-48535296.1535
-72379.8079995
-71602.901872
-47903860.6498
-1627101.97754
-44418903.5283
-3396160.65579
-4150377.85808
-12269787.8579
-83962.162409
-83977.3244734
-46184347.6901
-186.271372175
-186.366680451
-55329049.656
-3401611.29101
-44821102.6342
-35.3565234206
-35.2511777364
-7540960.37702
-52761822.2269
-60044146.4849
-164.164299226
-164.53437465
-45651266.0294
-23246746.1653
-51292578.7505
-14.1961773041
-14.2110166778
-221225.922789
-236897.304618
69571.3275922
73012.2935211
-52088787.0179
-48088927.1588
-30.57557409
-30.5323975788
-56940835.9089
-53934403.6721
-1719609.86168
-43164749.2348
-53637392.6297
-50048382.4364
-2510767.49222
-59172341.9081
-2413.56735215
-2418.94805304
-50011668.6041
-55952629.1243
-56219144.4074
-8875545.13336
-717318.998513
-44124554.4476
-3015.2234707
-3021.51106016
-66669234.6817
-59730840.0412
-41051716.3391
-973303.948215
-48401807.8316
-56853532.7243
-2061125.76674
-53854736.3647
-48821716.4737
-60293810.002
-58488218.0195
-64933743.0566
-24688891.6089
-45067305.5017
-45656102.2367
-52753141.9291
-56884510.2096
-46928468.7073
-50168485.4789
-48107397.048
-61394038.3417
-4502370.87061
-2943669.38501
-40.8750220491
-40.9287603979
-358.157949969
-358.095038089
-112091.976165
-45171650.5718
-3297578.2442
-38828339.6817
-4574631.94869
-59157930.0443
-49753571.4647
-10934852.0922
-295272.594135
-297451.835518
-61508223.0993
-57998392.2799
-55070877.3237
-66785600.3682
-54864434.522
-738214.994386
-1265020.49292
-54913779.2711
-55069809.3259
-3402410.00799
104070.355351
75084.0948281
-51574825.4755
-68427599.7395
-43826381.9781
-44489492.3534
-758095.032212
-52620303.3743
-146075.808432
-137200.39292
-54385918.1391
-46039326.9848
-5459.56167036
-5469.96727277
-1807088.59663
-2075.55209094
-2070.5991068
-51807192.3477
-98617.2687502
-113694.271644
-55469267.3437
-50975671.2411
-53251281.6917
-61273786.21
-5958.77985826
-5954.10995346
-13998807.1618
-58128714.203
-66745357.8111
-48.4239775429
-48.4790363594
-56273362.587
-30107000.8104
-54159888.1199
-22.0455301592
-22.0350766637
-59363639.0372
-57652933.4174
-89942.5792134
-89851.0238328
-47176511.898
-34.5111259831
-34.4672911785
-44165314.6415
-45213627.4797
-13644.6597253
-13650.3819659
-42701198.3045
-29.110308223
-29.03880987
-37791270.72
-59.3926242538
-59.2350595548
-46653183.7612
-7455.18039431
-44298386.0677
-44013955.3602
-23388.5210789
-23396.7436876
-49660785.0698
-43015228.9275
-48954169.6248
-7339.92656572
-7333.39972069
-48974117.2944
-66545104.6925
-659662.529272
-51379520.8149
-54893911.3558
-58859800.4288
-46664587.1523
-55695607.7162
-61650406.0681
-3121719.37183
-57652.7627855
-56977.8167559
-4518.24596645
-4506.28260301
-37863071.5027
-2318391.62021
-48246565.5829
-41.506308112
-41.5782585142
-55448885.7996
-51355428.9419
-53296821.1558
-49540163.5101
-398356.650103
-391121.715546
-50406087.8237
-40148767.8059
-1803291.25336
-50360304.1803
-75170982.6244
-54413665.9741
-57729833.2688
-2166.41930163
-2170.81911632
-58102863.3256
-54066575.2611
-61707195.3681
-49541358.759
-13632598.5536
-49143379.0355
-1475451.94904
-48909787.0131
-51059445.2725
-47259774.8065
-25.1654180152
-25.1983220565
-17480236.404
-58066910.209
-1739971.68965
-371397.264008
-49032931.1939
-131.771570503
-131.708995078
-50420088.4477
-47.0092272497
-47.0878509311
-45187716.5488
-47246931.0246
-2696045.41622
-56547553.9942
-54385917.4735
-45078495.3281
-9593506.45202
-56405439.016
-49750333.9479
-63567193.4546
-36255038.0093
-53564533.6038
-47499904.9823
-47053324.998
-1357.70650549
-1362.2614768
-46747109.2222
-8353245.30861
-28.6447349859
-28.5617274235
-14001.9156008
-13952.57082
-132.312150391
-132.406875381
-1856175.77327
-51423266.2891
-49152410.225
-54573191.0523
-5417216.4374
-59649584.9376
-47245735.0685
-46429256.4094
-229.777213695
-229.976725701
-134469.228863
-134696.818437
-726443.432767
-45332812.9688
-38225616.6296
-58391813.5181
-4265836.21115
-1550287.11243
-46417143.9971
-54710048.4119
-48968942.6703
-875919.353132
-166.825181784
-166.930921755
-5299.29946204
-5286.60511248
-39403639.5792
-52966112.9636
-48435799.2844
-4533774.63765
-19.2454111414
-19.2251686135
-41.6643119239
-41.6667450407
-2562437.30916
-1043564.86732
-53635478.8613
-52703114.7508
-49840472.8259
-53247421.4317
-58978197.4665
-47611558.7283
-1232524.93877
-4396328.75242
-50497652.8242
-60970556.8702
-45903836.0957
-48344662.5323
-46534095.5937
-1113860.49161
-41801776.8023
-30722013.5194
-356248.088375
-358706.468827
-53146880.6325
-52104781.6905
-48794480.6874
-98294.5703577
-98253.5882175
-57263700.4368
-42983385.1643
-56333711.6919
-6.38710394884
-6.37858019462
-3952446.14614
-150.81285299
-151.055135147
-35504.7279209
-35495.8350046
-59766625.562
-55796825.0167
-53801003.2436
-45950671.9108
-44885722.0221
-77204.5383462
-77201.0345617
-45640302.8674
-5440221.03192
-47980715.8266
-50633044.2386
-44372930.211
-3301223.10788
-50380849.2949
-1416.52217041
-1419.87929408
-305.227346009
-305.339085573
-1665878.18208
-678439.996959
-49449697.6919
-52075638.8385
-41439704.4411
-52043034.8286
-48385790.6049
-25795563.2878
-123.120024814
-123.149528876
-57267790.4696
-7864.89532725
-7860.58233913
-53283484.081
-3501874.92959
-51084071.9337
-60202454.063
-59481538.5641
-181.294102483
-181.412599799
-45668246.0302
-46.1379032192
-46.0590819325
-1051833.76831
-555.230064125
-556.949449382
-2444559.58319
-8257.99006184
-8264.83782853
-58912698.0305
-21.3146547268
-21.3341198498
-53872106.1427
-674.052717982
-676.198214398
-11160858.8477
-31.8895866013
-31.8535154811
-20769.4599495
-20721.5594054
-42245850.3888
-57004162.0734
-46110452.7999
-286864.413903
-288478.038703
-59237918.7113
-57.5558199394
-57.6293587681
-19186442.5722
-45861540.3304
-178603.350519
-45200387.9368
-25.1523629616
-25.0878322351
-53443989.2476
-58468137.0187
-50730069.5683
-43769257.9778
-642.535254722
-644.546182718
-327311.355869
-352446.6024
-48961647.7298
-5273315.22525
-44959296.9343
-50874876.7727
-2763.75187176
-2757.30794833
-65934200.9218
-2545.63287594
-2551.55409393
-75.7194841429
-75.5399119849
-38060.0701346
-38035.3395839
-47580418.7171
-60837993.0034
-16115755.2526
-32.3367922435
-32.2923300363
-3.19507654099
-3.19126575636
-56527423.2032
-54561993.5005
-47565896.6236
-2512.7326276
-2518.04248228
-7188486.88235
-37533324.1076
-583337.520649
-33241698.7648
-72625677.5915
-333313.385845
-341868.775774
-7417.758172
-7410.09410127
-804.52965399
-802.110947553
19848.6301267
188175.129971
-38532584.7628
-54259848.5779
-37429710.3112
-58572190.4742
-48400963.9755
-8224864.61869
-47662783.4653
-48266118.7391
-44892921.6946
-50622346.4616
-11697.6519377
-11703.2398151
-25108566.8297
-38635208.5637
-58261920.6087
-62433919.2229
-4249.7545959
-4241.31671506
-2954309.99539
-47957542.9503
-214911.258509
-216027.371207
-42666477.9592
-1380.48082555
-1384.21505993
-58610656.1973
-1380.88779117
-1385.37243388
-45734227.2943
-44191957.229
-51496521.502
-29.8506674405
-29.9054478003
-63412016.7066
-38.30464085
-38.2825084572
-54917787.5463
-17958.6635259
-17963.1585549
-56009555.1533
-35876648.6911
-32261713.8055
-51265604.1519
-48977890.1601
-70551276.4396
-52656476.3932
-21.3951766346
-21.4242060396
-48561210.0199
-65443103.2021
-53139546.9723
-104279.91149
-100639.107939
-206.209939221
-206.266865277
-50.384736293
-50.3135117296
-67444399.2343
-42999782.6841
-54874184.4725
-42494165.0944
-1999.44440318
-2002.57800534
-46245648.8616
-50663773.5219
-44560184.5425
-44251125.8769
-39099335.1245
-35953840.7272
-10745961.2423
-50187077.2405
-49763800.4894
-55540513.4941
-63164607.7201
-47167.4492752
-47148.1760666
-40795687.4336
-212.785065932
-213.442759271
-61800388.5047
-53996872.6802
-48959284.4281
-52966764.2226
-43070934.5293
-45008739.1846
-56756393.9671
-43020897.0505
-43237138.1573
-267728.591519
-269478.248947
-47698150.696
-1637776.79705
-50057416.4407
-243012.698456
-244209.016832
-54839456.6827
-55074187.0977
-44834045.2119
-51440894.9761
-137.384771332
-137.364215511
-49494685.3797
-46824812.62
-43833280.0729
-50248757.5627
-53776877.8153
-12345.0174048
-12351.7143241
-5.83914374234
-5.82052342101
-85.6897523786
-85.8032933132
-52144949.4587
-48039963.0839
-399071.791309
-381679.565469
-292690.413182
-292621.892357
-50743740.7192
-31203.0412806
-31198.1493404
-42607871.4758
-55013518.1615
-4267.94947459
-4274.21516211
-58536352.6584
-23.0017073092
-23.0627492635
-47247034.3664
-52892257.1547
-7519.485902
-7528.86971846
-39183445.977
-45383334.0496
-54775845.3591
-1168363.81852
-61508591.2197
-52520927.9204
-62.9418070234
-62.73811478
-199.317045177
-199.973631466
-1892950.23487
-12.998662082
-12.9266717311
-50827283.9995
-54829489.9877
-44003289.4817
-55150752.3549
-7479.22773628
-7484.96361192
-19361505.6128
-55152275.5915
-35891090.7698
-48110718.4352
-53716717.6131
-51050451.6305
-772697.006187
-51021857.4842
-41969663.74
-44930873.8958
-42057577.5752
-10619448.0577
-57430992.1239
-49.2888640332
-49.3878360492
-47530303.2291
-64.9914217461
-65.1257766449
-58298198.2384
-29.2599266303
-29.2228682185
-49716773.3437
-51486930.3597
-1570063.93481
-2244009.96644
-31.1672815618
-31.1392779615
16.7165416667
16.7628487571
-43259923.7871
-45389403.8954
-42846948.626
-289.567868741
-289.481943601
-66299786.552
-50902823.0589
-21702726.4082
-33868.1269915
-33859.45154
-24652.2940292
-24547.6087506
-258384.346187
-259477.866354
-39.2628425054
-39.2513454873
-50519554.81
-3781970.50419
-54.1560457701
-53.9926941174
-1709647.27918
-57382319.1681
-54385987.8154
-51985940.5992
-320753.55663
-55500247.2948
-45795474.7523
110.166683669
110.467483126
-762412.115394
-54554950.9022
-1161230.32187
-699134.574034
-44453770.9772
-61115513.7624
-62097055.9291
-62586042.2985
-20.6708853596
-20.6513518698
-601986.317609
-56022747.5157
-5823.23478656
-5813.74832452
-54974658.6988
-42305734.3423
-85216518.8658
-48369333.2204
-54281585.8085
-2209906.79854
-58903722.8605
-51100563.6367
-60456371.1064
-48961896.8096
-36720788.7555
-52757774.6145
-36.4328153736
-36.6980180547
-201.382524905
-201.747559573
-9913749.68527
-2375235.58687
-55440873.993
-61565896.4778
-46208224.432
-310.075100165
-310.8769127
-19631776.0036
-28.1335540524
-28.1123012632
-59252832.3201
-43092361.9332
-47427707.2842
-43431678.2801
-35853502.9015
-6822.73840086
-6803.05808779
-49282.2413578
-48882.8628524
-22.7047300415
-22.6487089583
-50757362.7704
-52492707.8466
-8.50506999409
-8.46674450906
-114141.261214
-113957.208883
-53279690.5914
-279.7707891
-279.893471248
-40237213.7837
-51048495.7466
-52918418.3185
-54813421.7446
-685653.332286
-41386435.1446
-45006735.678
-1819370.41168
-340.693665694
-341.594023725
-421265.238001
-51261491.2525
-83520.3143211
-82876.2597482
-702197.780379
-697609.607364
-53830657.644
-32733039.7994
-3056600.1332
-48707292.5865
-49511736.7704
-51722637.545
-48952149.361
-3743057.44866
-49604149.7265
-7892.34075497
-7900.90339681
-48960438.6847
-46643676.2942
-44356616.169
-27276720.4248
-560960.655839
-5038.39650133
-5052.64918805
-30.5637653214
-30.6057936342
-2220.84029448
-2226.44256148
-16061854.0617
-38.7558727151
-38.6135510868
-1047776.92963
-47700053.2435
-31.6043886381
-31.5672287368
-50059861.7967
-825655.631349
-45261378.4501
-47636784.8654
-4673.97444829
-4682.14674517
-48824970.7169
-49267421.1881
-55572652.2258
-48521427.0844
-52590857.2213
-8577169.49161
-48899096.3955
-468.659058921
-467.774573998
-43378815.1723
-59524547.3449
-55562019.0427
-843465.377854
-849633.256651
-132.314805776
-132.408527599
-49369803.5191
-56500294.5604
-1502150.3448
-53591995.4564
-12144.1516389
-12061.4156244
-19174.2971689
-19181.3723798
-36986401.7054
-51070086.5181
-224.871216818
-224.977458817
-55135801.4879
-50469019.3149
-1845056.98845
-45119538.3573
-166.651216815
-166.633588255
-13658124.047
-30486081.165
-32.2273292093
-32.1502227195
-3428012.95197
-23443.5881909
-23432.2372061
-107637.779963
-107100.051769
-577714.873069
-50741848.9912
-30.805963303
-30.7484148728
-40577129.8245
-45.0481634181
-44.938102328
-15382.2216667
-15386.5661438
-269025.29029
-37104.0919892
-308763.547754
-51765493.8501
-16185111.9756
-49744208.0197
-64005355.3967
-53222046.5801
-53198816.0058
-49959149.2561
-54230528.7404
-60043710.2507
-525.038926333
-523.525984606
-48233108.3931
-30100882.0734
-26663215.7814
-45883008.2412
-54588290.7994
-51721840.1276
-43417513.9162
-44026421.3914
-32.0070425789
-31.9669793309
-51697190.9778
-663151.665306
-53123050.7709
-27.1245736155
-27.1459359631
-49104008.8173
-18938.942942
-18886.7573875
-45070001.4995
-46566285.552
-4780.43289667
-4775.59595557
-32.7364802177
-32.683188829
-26.1672054263
-26.1132374136
-17739349.3805
-319.518205699
-319.423934433
-45309866.1077
-1466005.25171
-66366467.2057
-43552937.0663
-53725009.3759
-33082797.7828
-341.430835591
-341.197154286
-58544907.1092
325937.008081
-35936522.9273
-53534094.0974
-52974147.4943
-513940.671511
-39522309.4025
-50908193.759
-58032932.2477
0.981429854665
0.987742389764
-59093773.368
-47218364.7563
-50297632.477
-57691564.2018
-53074544.0002
-9143981.61514
-52763720.6477
-7146.75053432
-7157.9422813
-40191785.9484
-23739.5329058
-23741.8015759
-49194995.8452
-1033263.5088
-1298306.86405
-49181358.3571
-51689162.6611
-1569100.19887
-49106482.4809
-50090862.4091
-46608280.4345
-41442109.2724
-43096451.8169
-54124709.1267
-17838565.3276
-41231865.746
-10616.5267548
-10623.6297411
-48920269.3165
-47750214.9457
-22717173.1236
-3209.89114623
-3201.97394891
-241.612387135
-241.647427473
-298.885821732
-298.93787587
-44688376.2981
-52423.3806804
-51927.2270554
-45449873.2849
-27576509.7493
-44633549.2431
-46300638.3562
-46102980.7848
-32769763.3214
-2074291.45647
-30.4936932506
-30.4161998539
-24031803.372
-54457331.2327
-55237686.3418
-26958353.2011
-57008288.5747
-2110.90338387
-2115.38838816
-41509002.1174
-36361130.4102
-49902410.2977
-56155212.22
-51317887.2424
-44189297.9499
-54593755.2037
-60179440.4884
-54802988.6007
-60288378.5619
-58092612.0433
-40680213.7472
-45245123.9221
-477.72179728
-478.951568544
-48098672.81
-938984.766699
-915246.923962
-42265595.4735
-46014220.4045
-57260651.738
-28.756083016
-28.7896167827
-24908664.0547
-39022957.594
-1078326.54387
-49488066.9345
-17055.4116628
-17001.8187447
-42205624.8384
-45799664.7742
-13105065.0057
-47658194.4832
-43539553.9375
-48241800.3858
-56564730.3208
-14428950.6928
-2097.00337884
-2101.79180609
-45194637.7063
-5065.46759178
-5055.62192749
-50078511.1993
-51040718.5628
-536.428014129
-534.976879237
-47169322.4568
-50833295.0659
-999112.932239
-46086458.9168
-55464464.9161
-48618568.4022
-49671374.3287
-45803336.4806
-49052966.1799
-424.331252191
-423.687782922
-56835458.1916
-1230473.02271
-55261524.6591
-56143778.1486
-47858549.3199
-8933664.40494
-50818522.0306
-58022.1632617
-58069.0040815
-41487894.956
-1838902.97461
-1343359.13392
-51445370.7431
-56005410.9815
-8366547.64585
-772033.734137
-779501.033466
-52659067.5503
-51968115.4746
-50738806.17
-46637.1087413
-46625.7039721
-46245287.4759
-38506252.0568
-50004928.9661
-1379716.59921
-49601985.6458
-19990639.1159
-712790.689266
-1830150.56023
-27.162197507
-27.0870621287
-52202237.7503
-50628221.7312
-51746279.3987
-37976240.0536
-40119058.453
-55096437.2272
-53798395.1658
-52420312.4826
-50021927.652
-46377864.0395
-43684894.7498
-1798503.36808
-10793.7264694
-10516.0132875
-45765378.8926
-4723.34266788
-4714.63031069
-19466.4645332
-19476.5486058
-1545785.67338
-57749837.9412
-48520644.2563
-58415694.7518
-39949036.3216
-327.960831571
-327.964069719
-56068631.8424
-38358605.3761
-111533.242284
-85168.2210304
-18087227.38
-59429920.412
-51623580.0602
-55609486.5088
-48341961.6707
-17578.2685786
-17578.6438968
-47753389.9977
-47752106.5258
-176475.9655
-26078977.336
-44786698.9704
-53277696.1073
-392.370931586
-393.379154194
-42786412.6018
-47909871.1236
-764823.365017
-51861363.0472
-624010.415502
-47752986.527
-54538431.8582
-53200523.6631
-2031984.33784
-65827.7840857
-65839.6364269
-41435175.7636
-60881052.5659
-42236393.7256
-45283248.6586
-49489314.5423
-57784099.7915
-46516998.6818
-26.501585247
-26.5087841654
-48596295.7837
-52152984.7352
-186921.157977
-48138251.8042
-49446213.3947
-3304681.65896
-51835491.2005
-45275128.2346
-32328.1988412
-32320.2993234
-52074804.6124
-26234249.2383
-50294882.1805
-1912543.32274
-47192484.1934
-36996211.7039
-39722120.7338
-53718952.4105
-334.095359517
-334.804810777
-4488.53715506
-4477.75843548
-36516831.2435
-25.7697488677
-25.7884211295
-2626200.31101
-57704884.6652
-55067640.6551
-47798886.9749
-47385474.8134
-46753154.2891
-373459.905049
-372858.737738
-32007972.182
-108468.640919
-93014.8099065
-37237417.3134
-276.21331377
-276.336808136
-46214855.9119
-40069173.7928
-4809.93734779
-4799.59073835
-45380151.8258
-2469.33564758
-2461.15337914
-39397487.3516
-59719200.8881
-49833494.0225
-130092.463419
-130458.01509
-45075481.4326
-43333526.2334
-40381422.6759
-46949243.2055
-12451.3897691
-12445.0663608
-41845135.4465
-246.557292262
-246.723050171
-62903716.2494
-48779952.8908
-39830130.0797
-9463111.71127
-49198588.4156
-52555799.1357
-113557.78126
-113733.697424
-44567450.0259
-685.401527939
-683.387330317
-48867155.1554
-23947087.5112
-46167253.5853
-4051815.9482
-21653888.7998
-101.986363283
-102.074012203
-42340692.0355
-1187244.88853
-37.4680208218
-37.470146261
-33876.904676
-33870.7834157
-57805137.7696
-16391461.4741
-36353954.1115
-296.692476956
-296.812584856
-59.4811832017
-59.6251947853
-2110.79027523
-2103.81800731
-664402.377194
-675737.755351
-111373.374907
-111539.786856
-48927049.5358
-3707.07112512
-3695.65052017
-6924.19122641
-6913.08720117
-51648646.4976
-17674775.9279
-26366973.673
-49702267.5411
-76.2749694822
-76.4327407238
-1178571.7546
-49053044.6849
-1694997.22925
-51870782.4986
-54895774.8674
-886008.210132
-932109.883436
-8059260.30036
-17674.0392736
-17661.494321
-532262.908721
-540908.700273
-177.282761911
-177.361112817
-3427071.40376
-11971208.7525
-246938.221745
-248742.641077
-26927.839848
-26921.1268471
-70106572.1385
-5431081.8077
-2174103.60095
-41557.6995821
-41584.8572001
-7125602.49169
-12864263.1284
-324228.456292
-327407.370777
-215261.183137
-216132.065914
-477.210720735
-476.661709502
-1676.97328789
-1671.91068743
-21866007.6046
-248.807019421
-248.866985358
-1072.75544465
-1069.19266026
-4100.07362479
-4086.12713362
-42528596.0538
-630.147428981
-628.557611807
-15657.9017918
-15650.3941623
-3978635.48684
-39984135.768
-1598052.25789
-44262365.2127
-641677.786541
-666871.527565
-778.062963163
-775.626129281
-32192937.1159
-2926966.92091
-9131073.51001
-477.404725643
-476.867095512
-47.496941257
-47.5427564661
-49.4591318436
-49.4167289783
-58581.1552769
-58636.4487264
-36074012.2102
-34697668.4819
-2152404.27138
-20272.8894342
-20264.4344928
-52.8826143879
-53.0133754625
-34.3340030624
-34.2851513503
-38043497.3421
-43993643.3637
-41319622.9887
-2283633.52006
-38429953.3345
-41508770.6652
-5716267.84452
-49.3776539931
-49.3194710372
-35861675.1952
-43680360.4168
-29011933.0735
-63377.9653482
-63453.9559527
-51312833.3883
-60968310.3512
-40617045.5059
-47766927.652
-20268343.2932
-324.982420131
-324.987909201
-533295.061539
-549450.383538
-32.0155948246
-31.9721988579
-141.011360185
-141.092541909
-28937417.4769
-25677645.9298
)
;

boundaryField
{
    front
    {
        type            wedge;
    }
    outlet
    {
        type            calculated;
        value           nonuniform List<scalar> 8(-24.3085395747 -27.7110662323 -28.4218123331 -25.1215896051 -31.4288993809 -22.0306032495 -32.6721112181 -34.0973548757);
    }
    inlet
    {
        type            calculated;
        value           nonuniform List<scalar> 8(-24.3639431681 -27.7620029558 -28.4795737069 -25.1796322285 -31.4717267936 -22.0878810047 -32.7150091934 -34.1474663705);
    }
    back
    {
        type            wedge;
    }
    topfluid
    {
        type            calculated;
        value           nonuniform List<scalar> 
16
(
-20.4686943678
-20.4249512763
-20.3505924217
-20.3061058753
-17.7620895506
-17.764486105
-10.0034864297
-10.0157930654
-24.5413372476
-24.4901589715
-4.61684826214
-4.61097684914
-19.9031082194
-19.8867274156
-11.6949617993
-11.7033603696
)
;
    }
    SiNxwalls
    {
        type            calculated;
        value           nonuniform List<scalar> 
166
(
0
0
0
0
0
0
0
0
0
-64735800.3719
0
-60377534.7822
0
0
-58321157.2439
0
0
0
0
0
0
0
0
-64786167.6104
0
0
-55851360.1703
-59185434.6643
0
0
0
-57342813.1179
-54552360.1494
-48611422.1344
0
0
0
0
0
0
0
0
-50951389.7605
0
0
0
0
0
0
0
0
0
0
-59496203.5224
0
0
0
0
0
-58821839.3488
-54412676.2595
-75202353.1629
0
0
0
0
0
0
0
-51397368.3756
-52051527.8494
0
0
0
-42222825.7484
0
0
-56619411.3769
-54438543.9056
0
-50059619.8135
-49303284.2041
-51962261.0026
0
0
-47927426.8286
0
0
0
0
0
0
0
0
0
0
0
0
0
0
0
0
0
0
0
0
0
0
0
0
-49527616.6864
0
0
-55116032.8217
0
0
0
0
0
-46641494.8533
0
0
0
0
0
0
0
0
0
0
0
0
0
-48719826.5461
0
0
0
-54457765.2869
0
0
0
-48361095.3806
-42747534.0568
-43854948.4958
-43373320.8439
0
0
0
0
0
0
0
0
0
0
0
0
0
0
0
-41964320.4501
0
0
-39835494.1719
0
0
)
;
    }
}


// ************************************************************************* //
