/*--------------------------------*- C++ -*----------------------------------*\
| =========                 |                                                 |
| \\      /  F ield         | OpenFOAM: The Open Source CFD Toolbox           |
|  \\    /   O peration     | Version:  5.0                                   |
|   \\  /    A nd           | Web:      www.OpenFOAM.org                      |
|    \\/     M anipulation  |                                                 |
\*---------------------------------------------------------------------------*/
FoamFile
{
    version     2.0;
    format      ascii;
    class       volScalarField;
    location    "1000";
    object      T;
}
// * * * * * * * * * * * * * * * * * * * * * * * * * * * * * * * * * * * * * //

dimensions      [0 0 0 1 0 0 0];

internalField   nonuniform List<scalar> 
5796
(
-0.355590731484
-4.08754566774
4.08749624707
4.09498886463
-4.09501700734
3.99746419113
-3.99743146736
0.586188288405
1.35202786524
0.632914728771
0.254854218099
0.0254179236593
-0.159168575558
-0.516252241627
4.08273634788
-4.08279124555
0.141614742723
2.74225007147
4.10348019336
-4.10348080585
4.10780861149
-4.10780726834
-0.275633284333
3.96262886631
-3.96239282398
-3.24629566544
-0.907550371443
3.81406101466
-3.80582320449
-3.56699961268
-4.06076782189
4.06070275137
4.09880371841
-4.09881914785
4.10840798099
-4.10840799088
4.08441609805
-4.08447075664
1.27396264531
-2.93812448555
4.10578712992
-4.10578469435
0.728193609806
-2.57369975065
-0.0349133578303
0.00550856932111
3.56127996819
0.327534136814
4.10893319934
-4.1089341243
3.98161565507
-3.9815106838
4.01297941311
-4.01299267602
4.0905604603
-4.09060321362
4.05334291486
-4.05340643118
0.506305258659
-3.70946569638
3.76919868581
1.09174578144
-3.46645152283
1.55529983365
3.09818501402
-2.38837698202
4.10152260404
-4.10152933727
-0.610827239172
3.63718669957
1.72849111585
4.10812517144
-4.1081244662
4.10703662772
-4.1070347065
-3.10170205331
2.5553000476
3.24692252591
4.07212555782
-4.07218656056
-3.76175602776
-0.433315659522
4.0667607468
-4.06682413167
3.87751212493
-3.8755711595
4.10430935647
-4.10430805301
4.10867110309
-4.10867172278
3.69872408747
4.10255962874
-4.10256310601
4.1098179079
-4.10981816811
4.04492777025
-4.044985497
3.90486349548
-3.90375930398
-1.04887850958
0.197361219627
-1.72134339885
2.15973068108
-1.95683787463
0.0894887198023
2.32585295609
-1.54225779934
1.91440453551
4.1074327458
-4.10743105249
0.867315862802
4.10921229805
-4.10921322352
4.09702340904
-4.0970447714
3.37516101057
-0.215460767641
-0.104545049243
3.94043447317
-3.93995986698
4.10520835155
-4.10520598289
0.401189791516
-2.75757936145
-1.3815656
-2.13618710791
-0.788975201056
4.07694240043
-4.07700091729
4.09290022678
-4.09293571227
4.02840837998
-4.02844806067
4.10646023228
-4.10645811632
-1.19099515033
-3.64500404186
2.92858120174
4.10955661381
-4.10955722527
0.974916873136
-0.694996679465
-3.36756049579
3.48022791418
4.10030157831
-4.10031238639
3.84792473607
-3.84432462111
4.0365244516
-4.0365737395
3.81035347451
-3.809623218
-2.81086151594
-3.09598829657
-4.10028261758
4.10027440428
-1.12078628288
3.82622082829
-1.06659786953
-2.76259205293
1.76584232325
-4.01525288528
4.01523665923
3.90523817114
-3.90436715355
1.28960270097
1.80590126202
-3.45750269834
0.0714006895044
2.19349563183
-0.334890863148
-0.812617398455
0.0775444100074
0.0717474314477
-0.496066615705
-4.10095021362
4.10094422547
-0.83617968024
0.662684960262
-0.0204454374121
-0.32100798672
-0.435121540095
1.31504616619
-0.0459594047843
3.57856763508
0.384643613067
-0.0480721672507
-4.01729750657
4.01726956626
4.1088357925
-4.10883672185
0.685493991539
-0.352062104542
-3.8191670015
-0.937137780785
-0.509037020785
-0.463770478732
2.56894055799
-4.10647086437
4.10647366548
0.267757000428
2.38336169925
0.672531592061
0.0282923049865
-3.98852609851
3.98843055321
-3.60881918931
-0.0269675522327
-4.10600436259
4.10600747113
-4.05654489484
4.05649625584
0.459940475996
4.10697442095
-4.10697232202
-0.339551933547
-0.244550230681
0.0931000789205
-3.88990925046
3.88748942907
-0.0199274498264
-3.72647367689
1.31890432805
0.571123833361
0.342833883468
-3.15035595913
4.09774135208
-4.09776021996
-2.20490153883
4.10177576381
-4.10178120862
3.40231112867
3.42325103929
0.429399099918
-0.644209931113
-0.230373908763
-4.05011019641
4.05005885538
0.267079582814
0.0185310613592
-0.115920388112
2.71006633719
-0.291236828403
0.114615681088
3.79093984384
-2.91712523105
-3.85527543648
0.473080991547
2.99827176975
-4.10497486723
4.10497688396
2.98727467788
-4.10460546203
4.10460743382
-4.0598304811
4.05978007495
4.0847715775
-4.08482010502
-0.571348824701
-0.540738498891
0.551768556192
-3.39840018365
-3.30354953164
0.458373083258
-3.85143770444
3.5357350682
0.199128060515
0.785415396538
0.239958814749
3.5254929887
-3.16493649802
-0.239326443125
3.39591529643
-2.55260165085
4.10908969409
-4.10909067729
4.10907531781
-4.10907632798
0.408689197409
4.10968124248
-4.10968190338
-0.0100459127599
0.0209380212044
0.244122335145
0.0120853849226
3.69134059908
-3.75664669693
-3.57351567009
1.28225651668
3.87618943087
-3.87481373089
-1.63216743095
3.72171691461
-0.221049583276
0.839840607701
2.36356508082
3.91747821969
-3.91684673523
-0.183636033855
-4.09165902396
4.09162589644
0.196068018932
-0.529022515415
0.501724960112
-4.0929611944
4.09293077393
0.068485209921
3.13348018862
-4.06533004404
4.06527793917
0.26706477229
-1.80001455186
4.10942361592
-4.10942482037
-0.397863580562
0.225393879948
0.473598469077
-3.96177236266
3.96164832407
0.669895525483
0.654647511286
4.09652108838
-4.09654163197
-4.09652699186
4.09650643139
0.28388472259
-3.80743131082
-4.10792048473
4.10792115625
-0.999733334179
-0.130710903816
-3.00012541977
0.0454724750694
0.414185307045
-0.636738096157
-3.88643077502
3.88694866356
4.10932018875
-4.10932169347
0.769490848043
1.26579251707
-4.04030048622
4.04024019446
-0.0669050793804
0.387559041945
-0.182591525406
-0.576053175522
-4.05115948134
4.05110939462
0.112564472541
0.500551468858
3.80702060747
3.22748717942
-0.761164880475
1.2756374913
-0.0297645004591
3.19910248929
-0.0359089887095
0.0321812985102
-4.10856144685
4.1085602619
1.69437262669
0.129338852783
-4.08371600812
4.08366831673
-3.94544293916
3.94471165527
-0.230533834339
4.09802530218
-4.09804340086
0.0208813304147
1.33115826467
-0.0282515851578
0.123390885061
-4.10282235176
4.10282130184
4.10935667106
-4.10935816146
0.0108711781226
-0.22197678856
-0.0672342952761
2.65506738254
-4.09983318371
4.09982352926
-0.0566458338496
-0.0777791257496
-4.00494688423
4.00492969262
4.10710034932
-4.10709847704
3.59360369154
0.673989759158
-0.265480412098
-1.20617049931
1.43579037858
-0.145610161763
4.1087965676
-4.10879797141
-1.25671234605
4.10877198187
-4.10877295623
0.455172628561
2.90905503134
-0.0735510628152
-4.0872307709
4.08718643456
-4.10875478225
4.10875343609
0.443122885136
-0.492631052422
-0.0105167659206
1.2628843708
-0.537151943371
-4.10703936314
4.10704210471
0.70732395287
4.10186647479
-4.10187141558
0.155435780475
0.0543780512205
-0.19192376592
-0.674606155807
-0.304918420097
-4.00246844487
4.00244630535
-3.50840054235
0.562569504149
-0.397709900218
-2.09748334287
-3.39074822944
0.0635079015609
0.322012482365
-0.349283861441
0.0447029710674
-0.571859298157
-1.715036962
-0.82954790408
-0.209542245051
4.10961973517
-4.10962051119
-4.09755868962
4.0975411004
1.7725934085
2.28968459441
1.43414767858
-0.428619143217
0.0995278498698
-3.2173094373
-0.0314702933611
-0.755659887975
-3.90140439235
3.89799541323
-1.21455128135
1.44882450377
-0.97090758507
-4.06624720269
4.06619455071
-4.10987029922
4.10987000641
0.480958277648
-2.83869108462
4.10763667108
-4.10763546136
0.773147361532
0.515725463386
0.273194103775
-0.270061255718
-0.281873535495
0.335071766408
-0.237852291914
-3.32619767683
-0.907069512139
-0.0299805974987
0.514706459589
0.272229536895
-4.08120460145
4.08114966388
0.0137761619688
-4.05933306895
4.05927499724
3.256191712
-4.10256079589
4.1025587113
4.09704308587
-4.09706200425
-1.90885725077
-0.0221487179761
3.18812122149
-3.89152478102
3.89259859842
0.264598292097
-4.10857176068
4.10857061373
-0.0291778468314
3.04682959248
-0.723663402448
0.117549480002
-0.259922650004
0.416222285863
0.0521208266857
-4.04283922122
4.04278252751
-0.569819825835
-4.06309648596
4.06304371402
-0.0326689074122
0.0299186543077
-0.988989032091
3.79410615795
-0.0473482159848
-0.568375871865
4.09703451649
-4.09705575781
-4.03402699861
4.03397563698
0.474168279405
0.124158868718
0.872273645133
-4.04341082127
4.04335077782
1.16861960892
-0.115538224923
-3.97424790719
3.97436340996
4.10935599294
-4.10935741933
0.274415470376
3.32719316454
-1.48768509582
-2.46538511498
4.10897980709
-4.1089808095
-3.44936011795
-2.61405771864
-4.09813152233
4.09811587655
0.354532150397
4.09910708933
-4.09912179612
0.385524482098
0.14686547743
2.67417483284
-4.10220228649
4.10219968958
3.53278377866
3.32875467135
0.310045097741
-0.0850475594812
0.296539700559
1.33562250393
4.09684183508
-4.09686178927
-0.659349496381
0.0284689780543
0.42351520558
-1.03873606452
3.86428670123
3.83120363251
2.74204870483
3.3718525954
2.63849130671
3.56507436073
-0.11529920261
0.812258326511
3.37962555384
3.32842156019
0.609396357999
-4.10858675416
4.10858552616
3.62290312968
-4.10318594414
4.10318538528
-3.45761517145
0.0763825675724
0.0729811304068
-4.10836588853
4.10836509956
-0.412707132656
-0.0733431187351
-2.31880176272
0.173904756808
0.499884670637
-0.575182331796
0.00280924304456
-0.0678857189871
0.0495199952622
4.10217362324
-4.10217785337
0.0425112974041
0.115841579148
0.226868717216
-3.95738166017
3.95745788296
-0.0624179961474
-0.619125873297
0.193999398909
-0.205106189811
0.350661149893
-0.0549466802215
0.224532377737
-4.10776072747
4.10776186835
0.63850002753
-0.546135809366
0.124643864422
0.231360241743
0.126038533596
-2.48041695641
0.256332890393
-4.10819419536
4.10819405065
0.431257686017
-1.18236825517
0.0314857460995
4.10894677247
-4.10894833632
-4.10673211983
4.10673483933
-4.06961390677
4.0695608739
0.738897697915
0.3242075407
-0.0589109852553
-4.09498207158
4.09495656401
-1.73664974015
3.84972282155
1.46375943197
1.19019991481
4.10642259607
-4.10641990751
0.873585934495
0.127199197195
-0.478304296228
-0.453820643771
0.920917696098
-0.451660279265
3.67471388783
-3.95160455415
3.95071343093
-4.07863895227
4.07858174723
-4.09719525429
4.0971764463
0.0505694329768
-2.86057860924
2.02136959338
-4.10197804661
4.10197472851
0.0485519167857
0.0413562128418
4.10904571835
-4.10904737283
-1.64517744941
-0.348690309099
-0.447825111276
-1.02396597397
0.0533131573653
-0.267313831444
3.11353840681
-2.57844811937
-0.223049306211
0.0375966202787
-0.505693198839
-4.03880403995
4.03874302946
-4.07086659345
4.07080810218
-0.0375999394507
0.261911163117
0.0368511947554
0.0210803650185
-0.0336649946047
-3.86918462473
0.196550129745
3.14114840262
-3.82926427198
-0.312965469411
-4.10282460616
4.10282321123
-0.111488342265
-0.218596336586
1.63316252358
-0.313387983475
0.14389332961
0.0161373693837
-4.08415748564
4.08411135597
-0.88747033674
0.290441064026
-0.168933232504
0.871793080012
-1.5691211883
0.732978031039
-4.07592081714
4.07586575108
4.10931386964
-4.10931525218
0.411657411837
3.36539828589
0.5621896621
-1.10584310424
-4.04179142925
4.04173049984
0.341797484461
0.499370722747
0.335788604562
-4.02845394166
4.02841016365
-3.52655322419
-4.10993619173
4.1099360463
-2.93542232972
3.00907367099
0.0492787167765
-1.75781131237
4.10742046791
-4.10741896478
0.17335796473
3.51540715013
-0.0270308716211
-0.619733017071
-2.26401918665
-4.07840819068
4.07835709887
0.0547984537363
0.0622945672707
-2.97748233021
4.10660530058
-4.10660311493
4.10772848653
-4.10772729142
3.6110732055
-0.389128487313
0.638249616023
0.0517494457718
-3.08676742278
4.10920421906
-4.10920516787
0.303775018073
2.86228133282
-1.02573833644
-0.254623544852
-1.2674765754
0.427130408915
3.794916927
0.482767001898
0.296012378388
-0.458321889902
3.30596164493
-1.45735119979
0.439826766269
-3.23117488944
-4.06421398098
4.06415073124
-0.262859724341
-1.06078348283
-0.164794910086
4.10902914423
-4.10903076576
-1.61040815427
-0.079692274963
-3.70492135262
-0.171351409549
-0.253831854252
1.80173615775
3.55360313056
0.29080669288
-1.69837465056
-3.37037811614
0.0459794243818
-4.10492377056
4.10492630542
-3.60153321324
0.132114240084
-2.78458930487
-0.186507651415
0.145717095986
3.57535520849
4.03938356699
-4.03943655584
0.537173827227
-3.21406997579
2.37432623684
0.117602980566
0.194280728529
0.50379728091
-0.469900377286
3.15131275355
0.130193613286
-0.239598140754
-4.1085636829
4.10856256576
-0.212626699546
0.954400669365
-1.07902883149
-4.0783923358
4.07834053413
0.804956084216
3.57255007733
0.0498723265822
2.99675373874
2.96989515047
-1.21467280304
-3.33895379615
3.2317477992
-4.10829815289
4.10829769135
-3.50132691327
-0.247404225454
4.09370553593
-4.09373746541
-0.255609909204
0.252074209844
0.0633967936739
0.0384695703962
-4.08543097115
4.08538680702
0.0828703747786
-0.0535600914271
3.84985012765
0.25511074961
-0.52776387964
-3.814149332
-4.04781935853
4.04775775
4.10686986447
-4.10686787549
-1.56696402908
-0.495253864563
-0.634916433815
-0.050426988156
0.551491322803
-0.355390172053
-0.766777023291
-0.0801027948659
0.177444970351
-3.9759515915
3.97579808233
0.824087231614
-4.10800701619
4.10800740613
-0.333979972786
-0.0406797075111
-4.10851043242
4.10850945097
0.288829022205
-3.01784859106
0.0508072091777
-3.25648363665
0.185518883337
-0.228810944585
4.10896095208
-4.10896261439
1.10919468523
-0.23057626012
0.985218645041
3.44255882238
-0.428971872482
0.44895085739
4.10886867364
-4.10887026489
-0.428749403423
0.492984752103
0.13518665705
-4.10280460864
4.10280369285
1.33898957245
0.0219837867978
0.906507323404
0.60385914812
-1.23812435733
3.59576972264
-0.12589291915
-3.63718107357
1.47500876945
-0.177820263946
0.124521237593
4.09248928178
-4.09252483133
-0.0136757014603
0.559935520345
-0.291958964872
-4.06086510323
4.06080565719
-1.88327421401
0.80448692344
0.0791302946161
-0.958566306778
-3.7318738879
3.60017112493
-4.10850987604
4.10850888323
0.895095898368
-0.796847070886
4.10868107568
-4.10868244699
-0.654416303255
-0.766838257267
-0.060595257635
0.181956813155
-0.662616539305
0.103160382342
0.90215021722
-2.62344311009
-3.29816723676
-0.519847636827
-4.10617248452
4.10617592697
-0.812756677674
1.52548383001
4.10432267302
-4.10432104453
4.04467157532
-4.0447298766
-0.382731501854
-0.0781850008383
-0.318971149276
-2.29980287759
4.09987032865
-4.09988258417
-0.376445669688
-0.022560251421
0.087868263868
-3.77824082666
-4.02129298026
4.02124585962
-0.0431368041151
0.908423780673
-1.56251447875
3.77610538857
0.0896778455029
-0.217336041343
2.41423853141
-0.446942748369
0.389908028015
0.168395543748
0.195686640785
-0.275001978606
0.19085520961
-0.363399361572
-0.527276238843
-0.0408570651474
-0.83219425617
-0.419034436229
-4.02325988765
4.02320562287
2.7469303436
-0.286682116289
-3.94858750301
3.9484113413
0.0722306062263
0.0132078980331
-0.76619977571
0.696423009002
-1.50839944225
-0.892851735748
-1.60669805052
-0.146377543235
-0.465630457302
-4.10858217869
4.10858107306
-0.829718471915
2.42794863882
-3.26285822253
0.0268382619775
-0.075716992966
0.630026114878
2.47387492547
0.174297597681
4.10867526904
-4.1086766139
0.763764594234
-0.158487671682
-4.09175019394
4.09171745066
3.35796730746
0.413312238329
-4.0436194312
4.04356999123
-0.191210361287
-0.477951206085
-0.0055124883548
1.80052099737
0.305757429506
3.89593275112
-3.89511805395
0.0953293090216
-0.0258852575488
4.09956629242
-4.09957782428
0.359734433562
-3.93429939246
3.93460306118
3.69819095114
-3.99834934617
3.99826700315
-0.108207512412
0.104496915328
-0.141409093318
-0.67908714221
0.107764649709
-1.05591809599
4.0970413734
-4.09706259498
0.459794039656
-4.1061312183
4.10613425175
0.155017752832
0.947320622093
3.81627977479
-0.0656603446854
-4.10717571718
4.10717825987
4.07167842506
-4.07173889973
-4.10720102899
4.10720342237
0.406654476285
-0.0726125540759
1.23274698052
-4.07207748214
4.07202507755
3.82351298432
-3.8209046805
3.26965955677
-1.55235635952
-4.10484520525
4.10484735537
-0.0996624198474
4.1088987223
-4.10889976723
-4.10795160524
4.10795193769
-1.62851773707
3.65445767957
-4.06320996786
4.06315639974
3.90680542458
-3.90650783367
0.105230421879
0.145193921801
0.209937942608
-4.03079416384
4.03073976619
-4.01992869745
4.01991358153
-1.54506462184
-0.531658657363
1.13189588952
-0.0611087079659
-3.95340839428
3.95332213412
-4.05179965868
4.05175251827
-0.457927590745
0.737109757088
-0.343602751519
0.83493306799
-4.0994696036
4.09945714961
3.8271592127
-0.731734842143
3.78929464149
-4.10530841051
4.10531068277
0.183926249258
-0.106446046666
4.09211606292
-4.09215217158
4.10912532377
-4.10912685942
4.10859426635
-4.10859532584
-0.498997790169
4.09928027172
-4.09929254158
-0.757447167562
-4.05741128741
4.05734892229
0.578766045952
2.11182026027
-0.229455856996
0.402188626407
1.73716010293
-3.15066876849
0.492355975134
-4.08719199177
4.08715008663
-4.10386645243
4.10386712443
-0.376270880729
-2.70365342803
-4.08519814731
4.08515257573
-4.07887569592
4.07882253822
0.308568665999
-0.0944352518868
-0.572484790574
3.55108191245
-3.32506222703
0.538557940544
-0.831362173207
-0.0435986762672
-4.04577093481
4.04573028699
0.0335003600172
0.013412586675
-4.04760688557
4.04756189113
1.82082599773
-0.010713512412
4.10847415457
-4.10847501389
-0.118502382473
3.86080558078
-0.239984235531
-4.06887998298
4.06882820929
-1.05887087057
-4.10706828069
4.10707055096
0.195582637717
3.68452437786
4.1065935333
-4.10659104495
-0.278280946068
-0.848563294147
-0.721955927788
-3.98605220139
3.9859804753
0.879440482478
-4.08076084443
4.08070728993
0.29183391671
4.10877751254
-4.1087788481
0.326719687445
-3.98409521265
3.98397917767
3.86753797562
-3.86490806351
-0.0968423542545
0.193650792115
-3.57477851953
0.30830726359
0.105828614099
-1.95266271334
-0.325189933587
-0.326449541294
-3.25760766543
-4.10855571517
4.10855462754
-0.180155321494
-2.16045015854
-3.22429405001
0.328522909
0.182222552849
-1.78975618893
0.363199260482
0.966869169277
-0.451462922788
0.139463690612
-0.0768520575083
-0.587507936512
-0.135956357678
-0.556825517093
0.571300762149
-0.493237234821
1.77548572851
4.08280431946
-4.08285821419
0.906757479947
-4.02561955745
4.02557626082
-0.926691967753
-3.96434676543
3.96424524186
-3.47963447496
-4.10849773469
4.10849668864
0.0571690962776
-4.09887599045
4.09886267622
-3.54534009343
0.981897552351
-4.10714267796
4.10714510222
0.0853397682041
-3.65375926872
0.957894117267
-0.265759902447
0.512620668063
3.63776883579
-3.58920625099
-0.134947686477
-0.225199706884
-3.22343165721
-3.84996419615
3.85543308856
-0.128308876765
3.24967407336
0.318276084236
-3.96776671833
3.96796823296
-4.045053688
4.0449989901
1.03037783808
0.0194814706182
-4.09593639395
4.09591356862
4.10948062673
-4.10948171495
-0.818243561724
3.29687578895
-0.574133180763
4.10882808781
-4.10882961133
-0.469632418918
0.330276044228
-0.444116754452
0.430571658014
-0.538868180752
0.0142404094436
0.244278785316
0.0736668424507
0.587849976677
-0.236751045175
4.10895591417
-4.10895738345
-4.05178535829
4.05172964002
4.10310733737
-4.10310875984
1.50620440105
0.0492961754698
-0.227411355856
0.0366387278784
-0.209402597834
2.76656956647
3.53035588009
0.187550962682
0.101181039885
4.10904184506
-4.10904294273
-1.33526269346
-2.27970779115
0.445531809457
3.32268459056
-4.08370644767
4.08365951736
0.921231838546
0.30517531996
-3.83846434083
3.8347098203
0.164315881948
-3.84474430928
3.84310027062
-3.72153651692
3.86286008351
-3.86145986774
0.971725847483
-0.396732275125
0.32557193278
0.303026544126
-0.331868561097
4.09805471628
-4.09807271427
0.697845925279
0.488682385684
0.170779652937
3.93820284117
-3.9377599669
-3.74734530212
1.53286209424
0.58001541044
-4.09707465654
4.09705576236
-4.08798169318
4.08794089216
-1.17068918274
-0.376794048235
2.94926449802
0.178380227944
0.205182944927
-3.82342266785
0.659398944186
-0.506446526293
0.398212751907
0.0585852375551
-0.543029263395
-0.0918570537476
-4.01009312107
4.01007032962
-0.2493391155
1.6129299448
-4.08014875961
4.08009898888
-3.53996274255
3.05374152974
-4.10802509397
4.10802533558
0.231437606824
-4.10557297805
4.10557618425
-0.189322225581
-0.339080980249
4.10805158438
-4.10805084568
-4.10851415441
4.10851316345
-0.239630895059
0.0841161279431
-3.16436372042
0.309436111797
0.422497083643
0.934726022044
4.10918149636
-4.10918250442
0.0262257139074
-0.278492689221
2.61013211899
3.33310458775
-4.10770200717
4.10770334834
-2.08188470368
0.234788658359
-0.412532214605
1.04623704287
0.117364027639
2.14896036376
-0.40549554711
3.75184236852
-1.25507980756
2.14707606092
-3.86794385208
-0.0949947071354
2.62543105058
1.62227375289
0.774239963626
-2.20226013828
3.33048364752
3.02898032775
-1.60839014349
-0.648879342526
-0.281877963686
-0.438669586406
-0.225275444705
3.74028268084
3.24087072051
-2.2820113755
-4.07951131711
4.07945564348
0.609606467666
0.0664421451965
0.973965642686
-4.08783386862
4.08779280179
-0.564282075131
0.433522604913
2.35322708245
0.0572637428139
-4.03956416506
4.03950930354
-0.419447231022
3.41610253744
-0.813682266151
-3.45277902434
4.10905520195
-4.10905674463
2.1350208644
-0.769501064503
-3.63222327481
0.294216282828
-3.406383071
-1.84640749808
-0.417165885311
0.133663386163
-0.636740395699
-0.0261938795888
-4.083982761
4.0839366733
-3.89051164403
3.88945523899
-0.456241651278
4.10797414557
-4.10797333608
4.10925322968
-4.10925414033
3.58256836924
-0.504424079475
2.56618583832
-0.44039353418
-3.73263423488
-0.260627561717
-0.619588505427
3.78464731228
-0.302169915025
-0.531609347524
0.125675167516
0.75220682028
0.300807132031
-3.62796710472
0.154342114567
-0.115344309875
0.103673559473
-4.04663803106
4.0465921702
1.29636492243
0.00527955359956
-0.54754434303
-0.0014517903448
0.0187465976781
-3.07753563678
0.396861579851
-4.08385415637
4.08380817884
-4.06085137008
4.0608001645
0.180252434741
-0.0466238143851
3.65672742305
0.341235187763
3.65652543133
4.09697480428
-4.09699576677
-0.610727932312
-0.337730531437
-3.9125917108
3.91357599567
-3.54709553017
0.0347434586565
3.59764107588
-0.33634466887
4.10834607514
-4.10834613447
3.2412047316
-3.96637122728
3.96639922001
-0.837690006664
-0.640342323887
4.09484725186
-4.09487548471
-4.06813971705
4.06808210924
-0.430144362863
-1.8273195776
0.149970706911
1.6749062315
0.0616005325964
-0.783441784409
3.6825167289
0.249236122492
0.0910522381363
-1.77791356819
-3.17594272134
-1.7178329636
-4.06683268537
4.06677811386
-4.02218684631
4.0221234102
-2.75023010359
-4.10863214323
4.10863094007
0.474717772807
-2.86923597676
-0.384814680646
-0.0705035845135
-0.270865338262
-0.751995308036
0.592673752967
0.527401394514
-1.17949034774
-4.10577904464
4.10578144376
-0.192847787794
3.12220834578
0.207519328159
-3.72610973139
-0.357655298506
-1.81770929968
-4.09106529412
4.09103123612
-3.92369791975
3.92418135501
0.00940045570935
4.07020171798
-4.0702634185
0.58321030104
3.62999005143
-4.05340876468
4.05335434411
-0.632297288032
3.64719172023
-0.0605124381402
-0.0919648208636
-4.02725275943
4.02722866988
-3.66818957954
-4.10943310785
4.10943204786
0.216978617406
0.127710988226
3.60568185839
-4.02309393843
4.0230827494
-0.0128009831974
-0.907422654887
0.239197151875
0.113233665973
-0.108540764806
-0.816660350775
3.4621250394
0.307417732412
-0.352321194021
-3.56242510466
-0.534464179711
3.6171564472
0.197258657793
-4.10954545427
4.1095448816
-0.932237852246
-0.14580533212
0.00650931517035
-0.460529543482
-4.04180083728
4.0417645031
-3.14077113319
-4.09442805104
4.09440126739
1.04471281924
0.0827090874651
1.27954167618
2.66432143985
1.27908655272
3.39029439112
1.79079629496
2.93300456063
-3.05148966871
-3.56992686093
0.0830357228306
4.10881270378
-4.10881407657
0.11667101256
0.260879285027
4.10912039503
-4.10912197707
0.10110813806
-4.08899430301
4.08894844966
-0.45227563497
-4.07929229411
4.07923655749
0.444219184953
-3.42794750344
3.95051863248
-3.95020346861
-0.041247301767
0.100339335995
-0.103558042512
-1.12151879105
-3.87160910708
3.87388926609
0.733339484148
0.12314211358
-0.307332442044
4.10352431802
-4.10352445764
0.0101467340335
-0.529778982285
3.68517482174
0.01392247743
0.575633407119
-1.19166159232
0.504160388512
-0.142852043189
3.80536447821
-3.80253912875
-4.10374755603
4.10374809936
-1.85568502618
0.0769146445277
-3.31925644173
-3.75525173559
-0.147580682078
-0.445119634195
-0.367603871705
0.0780241288227
0.396778229865
0.0452021051707
-2.85130651357
0.399329348129
-0.00822854065246
-3.97871596534
3.97879153208
-4.0739156468
4.07385827099
-4.10753844639
4.10754022235
-4.01587729448
4.01581117397
-1.14520740838
-0.376970629707
-0.527272841738
-0.883971011096
-0.842781941865
3.55734806486
-0.0136133465159
-0.0693942885904
4.09638994879
-4.09641343025
-0.0751848210761
-4.07629118725
4.07623249486
-0.10200961302
0.392124587993
0.0398457762957
-0.654128765145
1.01213876278
-0.710236121942
-0.179392774285
-4.1071420754
4.10714414327
0.988164561128
-0.728477405949
-4.10586550814
4.10586890269
0.976781828234
-0.923440809906
1.03055192149
-2.83058842523
4.10459761604
-4.10459555314
-4.10368161978
4.10368197699
0.766650246404
-0.218535583598
-0.0357695900205
4.10904935536
-4.10905077953
-0.426615932734
-0.418201876635
-0.189603271315
-0.200743308351
0.393541393491
-2.03040748928
0.583327405273
0.0307640375222
0.260835004905
-1.79820755093
-0.394668115384
-4.10829231035
4.1082918238
-3.53887530888
-3.7460011445
-0.367361378253
-3.76573676666
3.81185739342
-4.10984850922
4.10984819382
3.48934530251
-0.595877632517
-4.10970829124
4.10970768153
-0.146176873639
-4.04139405919
4.04133864443
1.91398878855
0.620770430961
4.10588662028
-4.1058842236
-4.10873607661
4.10873479526
-1.19419048484
-0.101382745888
-0.52054539037
-1.94798895942
-3.62829208955
4.10886157747
-4.10886310416
-1.40571468155
0.50378968466
0.342905312759
0.334097806161
-3.71739782361
-0.600613548659
-0.295705330624
0.693455285609
0.459890012363
0.113776881888
-0.391615842471
2.93879461584
3.90260549583
-3.90157658037
2.1563094898
0.361451417036
0.0381830708875
-2.13986650755
2.69250952851
-0.899442186934
-0.573534853784
0.249920182384
-0.95714614506
-4.08560829009
4.08556395231
-0.190457830885
-4.10859668249
4.10859553124
2.14730931317
0.521110178803
-2.23933852422
0.597962286598
-0.850540083847
-0.393891424539
-0.21070124145
0.555029983223
-0.00885161919812
-4.10842921272
4.10842844766
1.6580919109
0.373953555434
0.312565441183
3.38482544726
-4.10966364366
4.10966291769
0.32983364946
1.5482104295
-0.774091623488
0.484218681563
-4.10248215441
4.10247934528
0.156377190027
-0.00909630775693
-3.99233347237
3.99228283958
-0.152352159283
1.48077372122
0.47302478085
-3.84851612732
3.85440637864
0.585306886941
0.0948638540207
0.0888539645688
3.67734448102
0.064125836278
-0.211802536351
2.76946465246
-3.35215501305
0.943675041388
-2.19920378012
0.203751676195
-0.130375723749
4.09988343966
-4.09989527829
0.767625914591
-0.172694387861
4.10851956246
-4.10851999672
-0.541833555153
-0.210413144992
-4.02417573512
4.02414028782
0.124938173902
0.779761691082
-3.53520639881
-4.10024969442
4.10023978803
2.51893512893
-1.80156983186
3.35390067508
4.1091501982
-4.10915187589
-4.07501302043
4.07495410644
-1.03312505337
-0.10243649345
0.483828522641
0.00710454306199
3.60646597785
0.0825263675071
-4.02919129406
4.02914871852
-4.10820450391
4.1082043851
3.76829087119
0.142432678702
-0.0883547671193
0.860216692704
0.578960235513
3.53208262563
3.55765287636
-4.10821183627
4.10821165989
0.806161874485
-0.0366301102348
0.357888373841
-0.410025026768
-3.97329377074
3.97322683911
-0.382884743009
0.864635549853
-4.1074221531
4.10742421724
-0.636723009879
-4.09287835792
4.09284738415
0.566061220824
-1.45347541796
-0.208437716148
4.10536531837
-4.10536283844
0.335957402925
4.09814518178
-4.0981608251
-0.38100562538
-0.0104005855754
0.143714160347
4.09780853917
-4.09782589539
-0.106735173762
-0.477731500613
-0.114999607999
-4.09848602098
4.09847154156
-4.03395092197
4.03389431901
0.587306331075
0.675138424855
3.91082580107
-3.9105309114
3.71612970802
0.175898344597
-4.01322596736
4.01318063268
4.08605667285
-4.08610739403
-0.09643220645
0.862622599673
-3.74900113298
0.048740603648
3.39796006511
0.312338635568
-0.483170555161
3.43469293331
-0.0352003346936
-1.85544588955
-2.77116724336
-4.10823444926
4.1082339301
-0.132467740232
-0.0634649695272
-4.05909959332
4.05903650043
0.607751517941
-0.208926737072
0.295129184203
-3.77456211645
0.361382679744
0.322288033579
-3.36128265237
-0.289015320792
-0.144708757413
0.966384616923
-0.157071690601
0.139636472414
-4.10411404701
4.1041153581
0.141311350181
0.296124763523
-4.06693181581
4.06687635323
4.10652052107
-4.10651837311
0.50281796515
0.212531912605
4.10776571798
-4.10776482804
-3.97359877279
3.97359498893
-4.10810927897
4.10810925611
-4.10740182012
4.10740310687
-2.19229042151
-0.486151251578
-0.115018204244
-0.0950616270722
-4.10966410522
4.10966328774
-0.193843838114
-4.06623755575
4.06618564243
-0.732655234344
0.557945640949
-4.07547097944
4.07541202973
-4.05672389491
4.05666297642
-4.10740349986
4.10740486071
0.0318803340811
-0.157349653906
0.894934961397
4.10386042838
-4.10385954867
2.24963425802
-1.55334873103
0.0852444724878
0.426301990205
-0.962039951843
-1.70925842664
0.741324397851
0.985743724896
-0.141961839855
0.612502159797
-3.99531473527
3.99522809761
-3.83656350279
3.83921633893
4.10923160876
-4.10923274048
-1.77352933732
-3.28494134174
-0.029149950155
4.10896057717
-4.1089621448
-0.909587848572
-2.17224031342
1.069368064
0.175366666333
-0.0815896197585
0.334504822085
0.470380588522
0.261096400944
0.589287441326
2.36730864013
-1.89069573297
-0.0244860999012
0.389913163954
-4.09992629277
4.09991629816
-4.10992137065
4.10992122611
3.548156784
-3.85358808754
3.85827468466
0.211647491441
4.09901959369
-4.09903459213
-0.478608940795
0.481007525999
-2.92119964042
0.0192647425393
0.560004730252
4.10287956173
-4.10288179633
-0.79011591807
-4.10439704035
4.10439851669
-4.10792538895
4.10792566692
-0.0574368870405
3.67278120665
4.10562779989
-4.10562527485
0.559864763203
0.369888672052
3.00757022973
3.4942641077
-0.334219224534
2.24181834023
3.85143893354
-3.84972843979
1.33299171878
3.60694271126
-4.10476701035
4.10476948679
-0.0761776834636
0.236754401054
-0.0404947122548
0.152250029345
0.895013955878
0.227911951115
-0.0347973069012
4.10984503176
-4.1098453377
4.10992134665
-4.10992150618
-0.626207696133
1.07187034439
-4.06109286434
4.0610355246
-3.93505601622
3.93519659249
-0.666753891748
-1.02433444833
4.09598306048
-4.09600718687
0.22730958676
-2.4521200571
-4.10781155437
4.10781260355
-3.9921208814
3.99217133384
4.10916390418
-4.1091653484
4.10760522212
-4.10760425459
0.0793719467223
-0.125177664293
0.572590571008
0.169146303582
-4.10504270551
4.10504557979
-0.147691939208
-3.56734758389
4.10554609934
-4.10554369532
1.99976973067
-0.153569165901
3.93288689898
-3.93243916586
-3.95936682022
3.95962771647
0.502447232878
-3.88269531173
3.88466532342
3.05144528898
3.67870678025
0.242780211489
3.66993520967
-1.81952998699
-4.10604463451
4.10604709214
-3.83178131741
3.83478684928
0.239356360059
-3.86199179176
3.86234416512
4.10809449929
-4.10809412368
4.10907882945
-4.10907981236
1.01676496361
-2.38195151204
0.813936192915
-0.222028937075
-4.05945682341
4.0593949828
0.17648938386
-2.93589605204
-1.91770962196
4.10933952445
-4.10934033687
4.10873739028
-4.10873879955
-3.51212562457
4.10759884802
-4.10759734571
0.580509970151
3.89660073789
-3.89620701393
-0.564989383627
-0.268177279073
-3.66758036713
0.839511408137
0.911922504827
-0.37628921003
0.6198433906
0.132313625086
-0.561964036836
0.535453144383
4.10625246831
-4.10625016259
1.08837282422
-0.4941609634
4.06698396094
-4.06704692269
1.13839530847
0.0755424215465
-4.10394468198
4.10394592659
-4.08321990848
4.08317310653
-3.78000314245
-4.10822171802
4.10822125931
1.34757310352
-4.05575123133
4.05570123644
2.74085187066
-0.534816171546
0.229007056159
0.183321026258
-0.232020008318
-0.0402742049986
-1.53280780038
1.88842298598
-3.71819864081
-4.08560200612
4.08555773677
0.265276332493
-4.1020866374
4.10208329368
-0.150989333433
4.10959960511
-4.10960010865
-0.400369091269
-1.03194180934
3.438734584
0.0830510492706
-0.0804795308806
-4.10868084564
4.1086795833
-1.9850422134
-4.00739931944
4.0074182209
0.2443491737
-0.0660863711157
-4.10663859509
4.10664181748
-0.621369646333
-4.10974792317
4.10974734412
-0.383230008928
1.11482137212
4.1078275513
-4.10782705883
-0.125036905763
-4.06472279862
4.06466545363
-4.10295128851
4.10295025944
-0.566849453873
0.00833045445375
0.444226900494
-4.05154676191
4.05148489248
-0.62548306159
-4.08786590099
4.08782534577
-2.0641645327
-0.395663493028
-0.564025732407
-0.247698352891
-0.315322584697
0.990192720216
0.49037265154
-1.98659200465
-0.0955534385668
3.76688416161
-4.06362972926
4.06356546018
-0.109569303169
0.300952749079
-4.1094436782
4.10944248636
-1.28241295519
-4.02947021813
4.02940986397
-4.10799952844
4.10799970072
3.44427408888
0.961482774183
0.0699494764614
-0.180614592269
1.11416890985
-1.48349405972
-3.61980542876
3.71324859261
-3.53959398669
-3.61452014555
-3.44627838263
0.898985058479
-4.10753237776
4.10753345455
-1.40955723661
0.247222154224
-4.10834218499
4.10834141928
0.0843666001162
-2.5839057879
-0.278470691223
4.09799003449
-4.09800807192
1.03757868892
-1.29339845267
-4.10819092722
4.10819065936
3.43020824399
-0.305463586252
-4.08135747925
4.08130331509
3.53894194322
-2.37858210484
0.339622113121
-0.408411237906
-1.14547383129
1.6361204772
4.10806799294
-4.10806766476
0.189752167436
4.10824491375
-4.10824457303
-3.45316342639
-4.10901822437
4.10901692462
4.10385091233
-4.1038502038
0.173844129549
-0.761611429169
-4.03098495207
4.03092621225
2.82470039542
-0.239942848288
0.165632714405
-4.10875127072
4.10874995464
-1.0583210983
0.459862053678
-0.0679331027
0.17040380021
-4.10536020533
4.1053632048
-0.107268138853
-4.10414983371
4.10415103791
0.153728197164
1.3403325054
-1.2429173807
3.82916290621
-3.82709492039
-0.250509756492
-0.634484240038
0.522877080614
-0.567283566925
-3.60724797869
-0.0180762170329
-3.53541853954
-0.196575942039
-0.122032690387
-4.1081083365
4.10810825668
-0.156061266415
0.108695335827
-0.227865754732
4.10493108164
-4.10492864743
0.348238971977
0.370502611283
4.10470562926
-4.10470346665
-3.84288181714
3.84629929976
3.57873710768
-4.10833424983
4.10833373731
-0.068869578553
-4.04653525042
4.04649332111
1.99612294844
-0.164117402159
-0.00526427463284
2.57178767873
0.628344344131
0.0355034514482
-4.07444277434
4.07438734798
-4.00717973093
4.00713979935
-0.663466533623
-0.707989780335
-3.04349865068
-0.665111128343
0.0736870997758
3.77999962952
2.12972277636
-0.544121529876
-0.16248006622
0.0103389618411
4.10793366429
-4.10793311738
0.352700670713
3.62109243227
-4.10555012741
4.10555308589
0.0452776106093
-3.90109561427
3.90237597693
-3.61301644374
-2.95172100181
1.45251090014
0.517999559827
-3.96904057823
3.9689895836
0.136602171929
-2.77998665726
0.0421985554219
1.70340621051
-1.0773445509
0.158676661403
-4.10813125494
4.10813132712
0.461811034686
3.98514035838
-3.9851554456
0.264130953121
-0.184015410396
-0.665797569854
-1.33187181743
-0.295263613964
-4.06530131998
4.06523726396
-4.10745980269
4.1074612271
0.675767117831
-0.67378057011
-0.689688565033
-4.07570810435
4.07565424991
-4.0950384796
4.09501368394
3.33817611526
0.224254684681
0.49054827493
0.076898893632
0.022544120422
0.578217023273
-0.747993183824
-3.41249879522
-0.732512769424
0.0818535513322
4.08419100627
-4.08424136913
0.34193337475
0.39212014104
-3.65132208191
4.10879184866
-4.10879327432
-3.68811147181
0.0223982610054
-2.97186749933
-0.118667307263
-4.1079745572
4.10797495473
0.355994823862
2.56461351814
-4.06815920042
4.0681002636
-4.08105014975
4.08100014118
1.98889110444
-3.75104950875
-1.09103565956
0.154978053511
-0.975239767574
-4.10215113056
4.10214875125
3.46104960476
0.101519861474
-2.16693096504
0.0145612220716
4.10929753695
-4.10929872358
-4.00508991005
4.00510256902
-3.97587240513
3.97572993563
3.73511818417
0.0284293994885
-3.44354249518
0.000166925176278
-2.18132101939
-3.57618724492
0.116449250608
3.25781592739
0.223702552255
0.19174379408
0.167112409447
-4.1087508354
4.10874954276
-4.1068920501
4.10689400578
2.99604985227
0.0748182045917
0.238040841512
3.77792202327
4.09894395538
-4.09895782525
0.0279606475418
-4.10826351812
4.10826303075
0.65160399458
-2.03353624293
0.0755820443169
-3.78001299556
0.350381647669
-0.449752325725
-4.01166085352
4.01167087744
-1.46167508516
1.46985668141
-4.10781057858
4.10781106578
-3.75661575673
3.872090527
-3.8703217181
2.61843549577
0.679124772798
0.0243593279675
2.55902978337
1.20326994052
0.390490682609
-3.70475084312
-0.611023771436
-4.10151369043
4.10150958402
1.87218222932
0.43069273778
4.10888868898
-4.10889026248
4.10925023806
-4.10925160401
4.1089326523
-4.10893373554
0.753041643956
4.10615960914
-4.10615720262
-4.08301751052
4.0829666118
-0.945790975891
3.69708546814
-0.0106626475154
-3.81974597669
3.8211359773
1.07503232492
-1.35265631467
-0.581631621139
0.787945073491
-0.243280114713
0.00143359303034
-1.08437815937
-0.510866719212
-3.03420226414
0.405609750309
-4.10356559058
4.10356587054
-0.00181757192165
-4.09417210928
4.09414411153
3.37141875931
0.609052528939
-0.349676002747
0.0888796818272
3.69958064615
-3.4572051085
0.332117663796
0.63114441489
3.53532166854
0.268488345955
3.90034579768
-3.8996114477
-3.87519454213
3.87743721626
-0.103750004084
4.09695350519
-4.09697418389
-0.835013747158
0.236052336728
2.89849574544
-3.74009790198
-4.10864288668
4.10864167872
0.352590332683
0.014033394623
-0.138093841443
3.65671454474
-0.124299879105
0.292936218749
-0.407728142583
-0.288246828553
-0.183717010429
-2.34453673446
1.29552562407
0.232492146272
1.15633573698
0.124538417822
0.555685661156
-2.11439821288
0.623603836863
-0.876142784688
2.7040057259
-0.606002489064
0.247548147461
-4.06466484698
4.06460877893
-4.0572691977
4.05720897002
-1.02473781369
2.04830580397
0.915226807256
4.00462580167
-4.00462520847
-0.23761586858
4.1062868557
-4.10628447538
3.71431050928
-0.17358173579
0.0847695907933
-2.48821882312
-0.848407240363
-0.0422077082721
0.101578451835
-4.02147494799
4.02143779626
-0.643880796579
0.0257484604587
0.0872481072116
-1.22511320354
-0.156235847257
3.69341189604
0.114894877483
-1.12021027791
1.26526672037
-4.10832867108
4.10832816137
4.10908791305
-4.10908959557
0.270116604999
3.22573894972
-0.66528836549
-4.10734402036
4.10734618756
0.159023911895
0.190632626115
0.348925868875
-0.137923952439
-4.05709779016
4.05703284006
-0.755788876682
0.0716299352091
3.68436338614
1.41724503393
0.453545729288
-0.406548461962
-0.926378274333
3.36728894174
1.22249366152
3.07736174929
1.34406706592
-0.0304987829314
4.10125952822
-4.10126641844
-0.216767597097
-4.09236556463
4.09233450126
-0.687056873672
-0.0149410829802
2.78256487421
0.40442045318
2.35331286305
4.10190823733
-4.10191351744
0.85476835591
-0.00308351541384
0.413572567117
-0.373246164607
4.09603890549
-4.09606323394
1.68472749479
-2.90361082924
0.446712420732
0.748581522116
-4.07922254382
4.07917278417
0.123036458227
-3.91695061414
3.91631004902
1.95635780305
0.123670076288
1.80497006144
1.03308832349
-4.02852481732
4.0284630613
-3.75166069066
-2.87187768915
0.038302813438
0.949890328288
-1.37765366034
-1.72608203063
-0.0368119608747
-4.07106633584
4.07100484963
1.10872036642
0.045613345203
-0.673337309471
3.28053710122
0.618361486131
0.00425649837318
-0.909179254098
0.119089207972
0.212500195103
-3.85091495734
3.85069236806
1.53718600414
-4.10833865572
4.10833819466
0.81089006075
-0.173354121024
-4.10449100988
4.10449259013
-2.00967874338
4.10969427385
-4.10969505088
0.087935192486
-2.8518389279
-1.94443619023
-0.0595389099157
-4.07804128859
4.07799172664
1.07795681492
-0.216004641313
4.10970903227
-4.10970947506
1.05387191761
-0.381129560018
4.10225399376
-4.10225825319
-0.0613710749694
-0.543242496745
-0.576998586519
-3.20147358199
-4.10012318486
4.10011372965
1.82272801179
-3.99876930125
3.99880269372
-0.162694319262
4.00286057291
-4.00291158672
-0.0790861275651
0.943852084778
-0.577724212533
-4.0805043591
4.08045567176
0.916133426919
-0.499430664984
-4.1088692412
4.10886796047
0.132780918851
-0.0089331088806
3.75422439666
3.11151280986
-0.166611676206
-2.05281472107
-4.07973405243
4.07968100549
-0.361463924339
1.38460101783
-4.00099410526
4.00091442712
1.19088512577
0.0588989741679
-0.220901373491
-3.88157861216
3.87709717172
-0.158085405548
4.08755952553
-4.08760795287
-3.78904209866
0.207178983569
3.62883985008
0.0166989777171
-0.0171461356049
1.04581083831
0.555867218319
-0.000178603233259
-0.266775069319
-0.0103503251814
4.10769812312
-4.10769728317
-0.56047158983
4.10909000988
-4.10909121351
3.7369058509
-0.740483763377
0.143208844082
3.61951701305
-4.1038233799
4.10382433035
-0.096232605045
-0.700581998237
0.195175293589
-4.0322819717
4.03222053379
0.705624176013
-3.75631212206
0.198086160862
-0.346518112276
-0.0428369487241
-0.0697154444139
0.468122937525
-4.0988738412
4.09886075308
-4.01886827946
4.0188307612
0.226168361604
-3.95006494808
3.95043018864
-3.13481379761
0.774723023614
-1.5113329977
-4.03731017427
4.03725079773
-0.651591205302
-0.0563594480911
-1.2446573112
3.28665396151
-4.04901216396
4.04895047834
0.212129723092
0.468987904398
3.88971498597
-3.88834715346
-0.205781536614
2.77508799344
-4.10807059097
4.10807047752
3.65246073917
0.0193498229249
-0.191780994217
4.1006198791
-4.1006292547
0.25647212085
-1.15447877207
-3.20171814461
-0.318028998969
4.09479433558
-4.09482237065
0.224926250237
0.134464172957
-0.0632896469952
0.816375801288
2.37155491439
0.246599478065
-0.134990954274
-0.023220832117
4.10923738698
-4.10923885657
1.33930744004
4.07808593431
-4.0781435025
-4.10638304701
4.10638646135
0.361341291757
0.448268048977
0.689620907001
1.41475275776
3.09519169231
1.57790179645
-4.10534531132
4.10534848656
-0.557539567916
-0.18189545602
-4.10067134564
4.10066342335
4.10968441627
-4.1096848381
2.87211951085
4.09578332483
-4.09580712112
-3.9435534363
3.94360136699
0.272125663775
0.0942321411709
-0.903773648859
-3.54274178128
1.11612848693
3.00936830381
0.913572186285
0.328907108458
1.43480972582
-0.0203501738589
-0.0987162770016
0.278816312251
-2.54522540522
-4.1075364801
4.10753768785
-3.62413984239
-0.453863434835
0.252130273866
-0.133790397095
-4.06356437151
4.0635014001
-1.48117462512
-4.0555078413
4.05545648938
0.104246335491
0.832989375197
-0.335978591741
-0.171285839115
-0.438087728221
3.45979843767
0.1077482414
3.87130801023
-3.86985142204
-0.194481824331
-0.210566411666
0.429126898818
-0.516661364016
-4.10752606803
4.10752711401
1.03759766309
0.228138301517
2.6119487526
-0.0545186852616
-0.0946751074264
0.119513243809
-2.70770893108
0.224750577816
0.0349871168683
-0.310112539115
-0.0438494960698
-3.50104388435
1.24826828751
3.9840312327
-3.98398751584
-0.280920641762
0.205374510548
-3.65581404669
-3.28409938619
-4.1032141919
4.10321395026
0.554459265527
-4.06903838941
4.06897628932
3.15254544778
1.13368937685
0.517272251673
0.459688733033
3.78464707768
-4.10684042027
4.10684339408
0.653421806065
-0.514993895546
0.656674987379
-0.522990370132
-4.00632644125
4.00632564723
-0.612508483734
1.29163276602
0.649871898972
3.99044790161
-3.99040991845
0.125226652646
-0.122230845477
0.164266772922
0.836263953445
0.250288280458
0.134280443719
0.392387928029
-3.92085722297
3.92149741937
4.0911868877
-4.09122389548
-3.41085502608
-0.0205158630189
-3.98911152425
3.98911137845
0.420602256053
4.10933503942
-4.10933654429
-4.060253456
4.06019847803
-4.10732636406
4.10732775277
1.85574904361
-0.309021849037
0.201312754192
-4.10678519659
4.10678830887
-4.10867370698
4.10867246109
0.105289915904
-3.43059877331
-0.0667875303535
-3.08674226211
-4.10993216945
4.10993201273
0.997992069254
4.10876836515
-4.10876955539
0.650040423517
-3.90405960464
3.9027546736
4.10718555095
-4.10718388272
0.646590577483
-0.0467684464213
-3.69356815342
0.509823968278
-4.10722909321
4.10723125759
0.147611947941
-4.09626373853
4.09624187592
-4.00887954879
4.00882277456
-1.0649909004
-0.242670861845
-0.616187977074
-0.141883154106
-4.10364718215
4.10364801401
-4.0582150531
4.05815948144
1.06366946132
-4.10680625926
4.10680907783
-1.09413408381
4.10953520071
-4.10953636396
-0.151768534259
-0.366913931621
3.45482112468
0.104194143065
0.84979370082
-4.10791888962
4.10791924938
3.72566885978
0.576889951075
2.97733225524
-0.451691947009
-0.920431027936
-4.00118347568
4.00121900159
-0.248385106126
-0.478173618073
-0.141534839068
-4.0182192035
4.01821555566
-0.125620543149
-0.196756061483
-0.101391538333
1.81254558799
1.80320485601
0.867553098243
-4.10591378982
4.10591726681
-1.08986348943
0.741360231681
0.950573327074
0.29662144097
-0.0102641696346
-0.183671218893
-0.418413101293
-0.583744139432
-3.87956574678
3.88133389656
0.00434962607651
3.65291980079
-4.08767322391
4.08763044753
1.1301064132
0.213743696468
-4.09193871015
4.09190546573
-0.978249470535
0.631649575173
-0.856610384038
0.121058100137
-4.0716536453
4.07160201818
-0.383651236325
-4.08891552841
4.0888762003
2.47848619509
-0.161501397666
3.72389441007
-0.0387437381043
4.10928792285
-4.10928890601
-0.00512112749926
-0.205781643216
-3.70763083533
3.68814238079
-0.358571281471
-1.09270473534
0.313543299486
0.455889629361
1.02673295111
-0.252857297986
-0.442940021687
-4.00213391215
4.00210907034
0.362440657701
-0.187118692383
-3.67641609213
3.43549116653
4.09497882096
-4.09500500567
-3.92089647752
3.92099620473
0.16576285504
4.10267666751
-4.10267928056
-4.0535675446
4.05350453876
-4.10713352457
4.1071352547
-3.99980315548
3.99973722904
-0.0848424985407
-0.877490071714
3.71676553716
-0.189926887179
0.881736618482
-3.14036181373
0.00579324151315
4.10909437596
-4.10909602653
-3.70588395978
-0.376188501452
0.836576400166
-3.78287280705
0.659223785797
0.101052388958
-0.148156258854
-0.111644578681
-4.05280361576
4.05275698902
0.637711318071
-0.136518744727
-1.51096266863
0.192897652402
3.79847996028
-3.89914000839
3.90035704152
1.63703247309
-0.100764704889
0.492942608909
-3.04841553695
-1.88163876892
-0.811988270667
0.163159604975
3.71757303861
4.10917328375
-4.10917498138
-2.5665872867
-0.246773860746
-4.03045931159
4.03043447661
0.323788386323
-1.00319906258
-0.0921454643578
-4.05970088322
4.0596495012
-3.97558389621
3.97573014864
-4.10667580899
4.10667884539
3.09715721504
0.121925510049
-0.398908211637
0.0560529476602
0.0124824321757
-0.61017834836
-3.62896541208
-3.87131188405
3.87107078843
-4.08821915068
4.08817856595
1.64297702862
0.138916125767
1.96493308895
-3.71609282616
-4.05424840326
4.05419086572
4.10640706522
-4.10640467997
4.10650163782
-4.10649951813
1.88868216731
0.677649492321
-3.35742012803
4.10945733184
-4.10945868377
0.216939125588
-0.636016171267
-4.10438793172
4.10438995223
-0.0994143543188
-4.10950417663
4.10950327517
2.88244096596
-4.08976930845
4.08973092719
0.464948875803
-3.96791565394
3.9677609303
-2.53740043625
0.561484005187
-0.999151595958
0.248248297943
-4.08842012458
4.08838038932
-0.161091201206
0.911324854623
0.378075482409
-0.163809640356
-4.09565651299
4.0956327981
-0.308444705091
-0.192857055321
1.56454863585
-0.650403424268
3.14414617058
-0.651113066216
-0.146876991989
-3.33983602467
-0.542265093542
1.07346041423
-4.10762041573
4.10762192013
3.86050464138
-3.85809602171
-4.08186768391
4.08182019261
-1.42671056792
3.45721777377
-0.483712315573
-0.122748873286
0.533138898582
0.238886802434
0.373675574392
-4.10866203613
4.10866076889
0.189432543821
4.10694299948
-4.10694104744
-2.66740641871
-0.293141600086
4.10073345468
-4.10074262598
-4.10164227532
4.10163774033
1.11549352626
0.0282165666715
0.37539717285
0.672614060421
1.92033680288
4.08559058661
-4.08563967231
-3.73165892402
0.173549953338
-4.08999945747
4.08996289258
0.820139991429
0.307401427076
-0.0964007602805
0.46939698423
-3.58197623565
-0.0201384212141
3.78333211147
-0.189213994957
3.7377956319
0.165356714077
-4.07098880258
4.07093216517
-3.4458644719
-1.05147814938
-4.10398822764
4.10398911944
1.08372284541
-3.21825587664
-4.10411273818
4.1041143721
-0.282087982409
-0.37770660925
-2.94258145847
-4.08362023592
4.08357175125
4.10963068917
-4.10963128785
0.449298902904
0.494393270167
-0.080816098765
3.77621721006
-3.86895987493
3.87076796408
4.10929232371
-4.10929385031
-0.181747981971
3.55757861333
-1.36963823936
-3.94497965823
3.94525699342
4.10922415604
-4.10922512602
0.362402257498
-3.95178857202
3.95152446001
-0.321961894957
0.549546826701
-3.73592087781
-4.10258035613
4.10257848591
-4.0750324898
4.07498054747
0.366466418649
-0.0303994564944
-4.0509763243
4.05093030989
0.399649174623
-4.09409911921
4.09407084322
4.10661010728
-4.10660788499
-0.451773214871
1.46547745332
-4.07609636432
4.07604587215
-3.75009304151
0.438371854629
3.70484645726
3.47565388301
-1.24177115294
0.234327828978
-0.735312424148
-3.68909938169
0.29588295876
-4.09211568484
4.09207766088
-1.17093380903
-4.10506963009
4.10507179017
-3.89003039438
3.89164278314
-3.83238857882
3.83811926709
-0.00478777987408
-4.08860615422
4.08856697093
-4.03308830627
4.0330626809
1.72894155659
1.61899216697
4.10858480851
-4.10858533678
-0.391163023547
-0.615800448455
-0.974050864701
-0.183696316091
0.22731589702
2.7286037148
1.03378626334
3.94352219311
-3.9432413916
-3.47153208794
-1.15741624537
0.355922339345
-2.02952541588
-0.805796317973
0.223324021758
0.200355614746
-0.000995949847243
-3.9234028679
3.92414618175
-1.20226737821
3.91697919817
-3.91646476904
0.236368439534
-0.0456408642444
0.24432912273
-0.474582435792
0.449047799453
0.054652612047
0.394472699086
-0.195145412929
3.15692736847
3.44931715163
-1.78090178209
-0.660688227591
-1.05024982264
-0.191845841236
-0.159711568047
-3.42399952169
-4.1004895181
4.10048019496
2.03267058777
-4.03840974384
4.0383519352
1.18261607314
-3.56574875782
0.650155554614
3.65380703817
3.67661558633
-3.99364625419
3.99358880359
0.670412657224
0.391212624448
-0.541643726022
-4.00924639308
4.00918630058
-0.844266164866
1.09153992391
3.7002997446
3.34648156169
-0.0153950793118
-0.325324729761
-3.08346489894
-0.0135973084307
-1.04068980203
1.12299064725
0.00625467420249
-0.897391792664
-4.05846056443
4.05839606132
0.547153052472
3.84149566571
-3.83903886643
-4.10363820973
4.10363854699
-4.10476489011
4.10476676912
0.24724314071
-4.10818487879
4.10818451376
-0.721660013099
-0.991115919503
-4.03304911322
4.03299576079
0.200880731113
-0.389487477128
-4.07672700224
4.07666941463
4.10762794603
-4.10762690701
-3.7930854054
-0.0438679371884
-4.09912788306
4.09911561564
-3.5220324234
0.229110470807
-1.23537403731
-0.245912996953
-4.09321000374
4.09317946532
0.19011746898
4.09774678694
-4.09776490174
1.29104634516
0.0214034298974
-0.0548873234663
0.673710509357
0.326594101119
-3.9221982609
3.92174801782
-0.93643533112
-3.99644529802
3.9964979343
2.03692056024
-3.94110312593
3.94156893006
-0.654866261939
-4.10469810613
4.10470000688
3.51520901057
-3.97943806254
3.97932844003
-0.133716418661
0.223146066232
-4.10295693638
4.10295552308
0.12390788738
-3.67983376774
1.11757345048
2.01806012722
1.82298039835
0.301961457797
-3.48461527979
-0.0168015884331
0.735543378314
3.59347537281
0.958376356873
0.27759427153
1.67643767955
-0.560824557394
0.242155311512
-4.10342713836
4.10342713271
-0.360076188973
0.126960778417
1.18207392439
-0.126698563109
3.68742495306
-4.10825004367
4.10824976872
0.483073660983
-0.364903025911
-4.10962481095
4.10962411371
-0.709761025262
-0.0395549568992
4.1089154892
-4.10891696618
-4.10405305305
4.10405402641
0.23430891675
-3.60056886818
-0.094281437504
-0.0457333284303
-4.09350250648
4.09346942171
0.635685976437
-3.69673321485
-0.0768703352953
0.28909684922
0.900511986412
-3.36332040856
0.356420696001
1.16279825542
-0.0938189918675
-0.11650235746
-4.09197751349
4.09194472266
-4.08677736903
4.08673475333
-3.74744666394
-2.17328805642
0.187578360561
-4.09862167621
4.09860762135
-4.10480966617
4.10481233877
-0.403141078942
0.824774193536
-0.319279235522
-0.31445028302
4.10863635929
-4.10863727773
1.16787603546
4.10122516712
-4.10123281327
-0.49479534709
-4.07670939444
4.07665841494
-3.2095589977
-3.78114155187
-0.806065457422
-2.0213830151
-3.01433905235
-3.89640670553
3.89345979894
-4.08585630154
4.08581066333
4.10945314633
-4.1094538706
-0.667748786414
-0.48038257553
3.07997917595
-0.0229185526444
0.508905734474
0.549996593827
4.1095715135
-4.10957206423
-0.437229076291
-2.93675113934
-0.169575707488
4.10624992101
-4.10624757772
-4.10111016947
4.10110385217
-0.1352219377
-1.64643570987
0.125165373352
0.848422565389
-0.0140990606398
-4.10719447618
4.1071969932
-1.59314887963
0.567819866192
-4.10615693542
4.10616019582
0.113856633335
-1.23470094097
-4.10955221084
4.10955114485
-4.10755882596
4.10756043428
1.20489689191
-0.620096070399
-0.697548797957
-0.911243084801
0.0518365293836
-0.679927827091
0.0972629663847
3.31724061824
0.125222832604
-3.79631541655
-1.43084569185
-2.25876547731
-3.96361437013
3.96338548608
0.182207707472
1.03485497894
-4.06107067377
4.06100660524
0.303658255584
-3.72234109629
-0.155685706595
3.94203731244
-3.94182617251
-3.76848989783
0.712624426674
-3.25650435681
-4.02848837243
4.02846883821
-1.37928948146
0.487943687518
0.172444111313
0.152965326944
-2.42795862946
-0.753518362647
4.1009954881
-4.10100363346
-0.159987814742
0.535363056051
-4.10223118611
4.10222903446
-0.216629607376
-4.04170691395
4.04165543827
0.0248266996614
0.912715123361
0.169743935175
-0.260633715885
-0.247808351606
0.663052233144
-0.129022278565
-3.11735495144
-0.0307088616376
0.691284761722
4.10872036638
-4.10872171795
-0.00315455187333
0.739242263708
0.318121009234
3.31987077031
0.0313337132382
-3.94625421362
3.94658880153
-4.00699687105
4.00692631874
1.2913792168
4.10698175076
-4.1069798421
-3.75674006156
3.83950291688
-3.83384429914
3.43685733277
-1.04040545236
0.160763268555
-4.05949213557
4.05943866082
-0.812236298929
0.151826869884
0.179807107683
-3.92764621971
3.92659384557
-4.08995930649
4.08992187024
-0.342671349873
-3.11259047143
-0.338824034091
-3.41783289868
-0.0811907622638
4.10892815815
-4.10892968882
0.392536922346
-0.722847528573
-0.00939066899591
3.2058208037
4.10828254519
-4.10828255943
-1.2002944072
-0.25137814435
3.196347593
-3.98389311998
3.98381771859
4.10941825636
-4.10941908449
0.484842068581
1.75973310501
0.195511543932
-4.08018351876
4.08013498139
-0.00746021152056
-4.10171759814
4.10171323212
-0.790334025044
-3.77821114172
-0.23604790082
-0.029455105672
1.33928581815
0.531508693834
-4.10301316917
4.10301213181
-0.839686381516
-4.10371672643
4.1037177337
-0.0646055442344
-3.66860480183
3.88652735928
-3.88537678626
2.86118107433
0.757738368339
0.67250354911
0.27862348556
1.11742359324
-0.175102987776
-4.05159602642
4.05153316032
-4.09033039231
4.09029361827
-1.58974839824
1.58472495452
-0.749460051605
-0.0310577105672
-0.220618503568
1.50739095504
0.658878815733
-4.04791052515
4.0478494375
1.20898619459
-2.79070322063
-0.908989975586
0.789561994504
-3.88952764084
3.89063040032
1.10277963244
-0.350710215759
3.54341683515
3.63675986907
-1.93753211631
3.18617005634
2.44610418079
-4.03307421681
4.03301445205
0.486245984406
-3.78556849982
1.12513838998
-0.188834094541
0.260715120257
0.320309474509
-3.98483291266
3.98483991677
-0.012685164594
-3.62070303154
0.417553098138
-0.108215039291
4.1008814988
-4.10089033443
-3.14692111937
0.340517664486
0.689691125382
-4.09295765418
4.092927947
-4.09432806285
4.09430172868
-0.188697895166
4.10716821608
-4.1071664309
0.208393602155
1.00176854217
-0.221042213869
0.575655118959
-4.10814656573
4.10814660408
-3.97715379412
3.97718851676
0.416287296625
0.532713021625
3.50869281523
0.113831214137
-0.352258930675
2.41598390513
2.46514245716
-4.07534977229
4.07529729902
-4.09908305208
4.09907044414
-3.63597749498
0.0840809002417
-3.50853727759
4.10694730486
-4.10694536326
0.20228481794
-0.157156062923
-4.07561541446
4.07556451606
0.631343781867
0.0685543481742
-0.922230172421
-4.01648241161
4.01647778449
2.84968437085
-0.263066881344
-4.06382271701
4.06376140968
3.88486350282
-3.88383457267
4.10873578659
-4.10873668453
4.09219152274
-4.09222622458
-3.45365141277
1.01044067028
3.22243168775
1.32556411042
0.240530562162
-0.302170953644
2.25838654132
0.298302241183
4.09595144946
-4.09597602615
-4.10360385303
4.10360405338
-3.86333907954
3.86490213675
-4.10704133826
4.10704412628
0.168060024284
-0.662635995987
2.99555335992
0.275712395388
-0.362350643969
-0.732930512352
-3.87825827905
3.88033381528
3.72307397053
-4.10983081933
4.10983060172
-0.378159617638
-0.0581448596662
0.364183728122
-4.09698403369
4.0969646845
3.71654138653
-0.44710937861
3.77378080633
3.51724242323
0.471082570755
-0.402947083773
0.662373296042
1.8951870265
-0.327700101197
2.9621068266
-0.286581427331
-0.791895715682
-4.10310143454
4.10310122671
3.76332960101
3.7594939381
-4.10762463507
4.10762597122
-0.0725359243817
0.262331766781
-3.99839798357
3.99841025657
-0.307449878531
0.829183218173
-0.136577513408
3.7462006589
-4.10793982452
4.10794001934
-3.77113585286
0.0571787845513
-3.32668014989
3.15899721542
-0.164381030203
-1.22626144474
0.503681885378
-0.894723337072
0.534264748751
1.57832603814
-0.330991679155
4.10870621057
-4.10870712956
4.08858425434
-4.08862649102
-3.57305792629
-3.25822231703
-3.74996190735
-0.40798372719
-4.10086665086
4.1008590981
-0.316591661772
-3.81408367553
-4.06440562868
4.06434596719
4.1051315976
-4.10512912698
-0.0238755579692
-2.60643252348
-4.06096409488
4.06089964491
-1.67575830474
-4.08757469413
4.08753274211
3.75622385561
4.10738127132
-4.10737981938
-2.42031690003
-0.1056462569
-3.81661684063
-0.0133484543295
0.0390685139218
-4.08841701218
4.08837721814
-2.6519097181
-4.06307427207
4.06302295425
0.219078053024
3.18953131776
-0.871067809711
0.123943432352
-1.43608812028
-0.738651220943
0.0698019194107
-0.040578700021
-3.39157414264
1.09068886825
0.929381337584
1.18392983324
4.10112359927
-4.10113079157
-0.135889020012
4.10897095283
-4.10897246964
0.2925904377
-4.10100583957
4.10099904376
-2.93967973276
0.0747905809464
-4.09873912244
4.09872401237
0.844341216796
3.73751872562
-1.68801337676
-0.271721661577
-4.10993201715
4.10993192451
-4.07298906257
4.07293459697
-2.47960634906
-4.10529772701
4.10530030516
0.869986560932
-0.211756839513
-0.144555623706
-0.124062118989
0.424565868928
-0.484877678657
-3.49538135651
-0.0300444663396
0.0425258385937
0.312953874042
-3.05927456292
3.62137952131
-4.064392205
4.06432832257
-4.08223732779
4.08218915435
-4.03442095474
4.03437821619
0.05275347051
1.90974837453
-3.61263281862
1.18230926724
4.10864341057
-4.10864437905
3.48766466568
-0.0524754989247
4.10847765123
-4.1084782515
0.520167105233
-3.33626693774
-4.10307470387
4.10307389087
0.00328010439029
-4.0906077965
4.09057172734
-3.93928097731
3.93973881817
0.076838627654
1.02724100382
-1.35259489445
-3.58133047159
-0.279762513446
4.10003928808
-4.10005108731
-3.12297363107
-4.10868110216
4.10867985749
3.09939387218
-0.291617220916
-3.8861517243
3.88716389174
-0.717801154902
-0.232204829925
-3.45548832829
-4.10840238753
4.10840166094
-3.83466993677
3.83844335228
1.82007609824
-2.70433227651
0.630283665981
-3.96335527318
3.96341317654
0.414927532626
3.70940171461
0.561884817306
-1.42204349751
1.25302251896
-4.1079095149
4.10790976739
2.93811049274
0.112228794632
0.394732375555
0.333631390983
-4.01244938918
4.01238309057
-0.103030159473
-0.258776182208
0.147211351736
0.46757788639
0.158805664357
0.67271353164
-0.0975335173012
2.81021702168
-0.24390655609
0.444267879686
3.66382999276
-0.350939726785
-0.112746968267
0.395240023649
0.426696363976
-0.797145399798
0.671883648434
0.814353800279
-0.953195929792
-4.07270319468
4.07265139525
0.220549110604
-4.09105020978
4.09101493554
4.1043221109
-4.10432028262
-2.49990417052
-3.40633237297
-3.79379533666
3.7939304012
0.0785767591004
2.4310801828
-1.88431506224
-4.04405165747
4.04399289954
-2.39777431486
0.492614735804
0.185290731347
1.53987173373
-4.0493950092
4.04935119415
-1.50502570227
3.46068787467
0.108544366009
-0.147846481883
-4.07657462726
4.07651637068
-3.67172730565
-0.3153635731
0.0177367324128
-4.10211827953
4.10211519487
0.339659595855
-0.35127766953
-3.33216447123
-4.10126898015
4.10126315566
-0.589094600837
-3.53500374801
0.698550249152
3.64949644623
-4.05923192882
4.05916655459
-0.352251268496
1.18609140308
4.10945057758
-4.10945178995
-0.440332904551
0.0513424037921
-0.312628868801
-0.724083312213
-4.10602792487
4.10603062132
0.375692858622
-4.10561583588
4.10561915471
0.480906024881
-0.0159728520747
1.06190252861
-3.99495677558
3.99492139909
-4.0860302141
4.08598509231
2.94146349795
-4.10954227528
4.10954123306
-0.387571868396
1.55163978895
0.349935679014
3.92971610898
-3.92943825929
-0.261885174157
-3.94043488145
3.94029293135
-4.10254122937
4.10253989438
-4.10452911459
4.10453080016
3.26466626722
-0.716727645154
0.415165241673
3.76742997143
0.684874983787
-0.200999376126
-1.41971999702
-0.747852663382
0.512636379132
4.10849136124
-4.10849208406
-0.891297272448
3.46884642872
-0.790569791701
2.15617485378
-0.208441516203
-4.09526229105
4.09523728711
1.27330092387
0.123407963587
-1.88000342827
4.07403887071
-4.07409931517
3.24673301839
-0.2927158021
0.0679665387154
-1.22594076697
0.451291314039
3.41730282991
-0.381858184118
-0.434610509453
-0.170013122696
-0.696117576804
0.775419121867
-3.68479962674
-2.17198689036
0.0726011030098
1.4818257308
-0.00558630743342
-3.72594868635
-4.1098843363
4.10988404565
-0.701615828029
-1.396818684
-0.795742699841
0.0469261116903
0.0485103064142
1.6588277329
0.202729694264
-0.00656591275814
0.953243740494
-4.10841160299
4.10841084468
0.367616827495
1.38814018718
-4.06581201342
4.06575154066
-4.01780914583
4.01775056228
0.435325842206
0.222520824574
-4.03193642888
4.0318906197
3.02191006563
-1.58638681087
-0.0100645332335
1.49592411195
-3.54811389703
1.30331572532
0.346059972713
0.0361435723874
4.10886082791
-4.10886226564
0.738326195315
-0.29031032781
-2.94938466375
-3.81755789273
-0.216939921666
-3.978354899
3.97847184075
-4.10245457827
4.1024519765
-0.276354232944
-1.38926279853
-1.66651230675
0.0881111089004
3.65061227866
-0.116616739488
0.394260400563
0.549247277425
-0.412841762247
0.110738502477
-0.861501906265
0.175143557576
-1.5993330638
-0.671432308484
-4.01075364656
4.01071986418
0.999892083172
4.09266958473
-4.09270366536
-4.09515225437
4.09512817695
-0.460091370312
-3.25360805259
-2.81011634183
-3.50119160056
-0.318023632869
-0.22164518488
0.124567563578
-3.84537595835
3.84829277411
-1.32849496749
2.21730154962
3.45969331977
1.24837078745
0.842758369059
-0.0514742866726
-2.70209132951
-4.1068453729
4.10684737204
-3.95761961012
3.95786773255
0.695644215287
-3.926514048
3.92714055557
0.307559685383
-0.103667944838
1.51278054409
2.87634068106
0.044339177706
-0.384822914962
-3.96318650847
3.96336314856
-2.9924024394
1.17104854234
-2.65272486393
-0.19323915709
-0.396266306034
-0.77482041794
3.23164953512
-4.01581742866
4.01577095674
-1.1306918273
-0.222416127409
0.295972956018
-4.09978431464
4.09977430789
-0.154126622001
-0.6409083398
-3.66477651769
-0.624226528878
0.0184603863711
1.04985847418
-1.35263447558
3.48118530496
3.78414284832
-1.49139590074
3.75544747329
-1.93946893179
0.689510995586
2.82941633183
0.587534058474
3.62889060402
0.821396991037
0.720156530528
-0.307879388098
-3.52078309703
0.403067225812
-3.70717758103
0.254080998081
-3.61273773428
3.09537332951
0.479191613642
-4.10707087716
4.10707264017
2.79716249327
3.6945400112
-4.09318999332
4.09315988343
1.14884991754
4.10979264691
-4.1097931773
3.72537646281
-4.108048841
4.10804917334
0.395105918127
-0.0978001677791
-3.3184375028
0.0681756656687
-0.202040675563
-0.168620633133
0.082334291021
-0.818596181931
0.877823208714
-0.324060901148
-0.96278819022
1.41804227511
-3.77132824291
0.416744529036
0.287953535345
3.70225639483
-4.08196566076
4.08191478293
-0.351087426035
4.10928437465
-4.10928598549
-0.144586024212
-1.90927779054
0.98600251825
-3.67431786518
4.10629725938
-4.10629488244
-4.0154725215
4.01541266727
0.231509065391
-1.1063853819
-0.159286373067
-0.172227414764
-0.290105000092
-2.58851161754
-4.1096569343
4.10965613426
0.564739112419
-0.851343451382
-1.69514620591
0.322846123001
-2.04916398722
3.53712887216
3.9734472906
-3.97334995935
0.672336796026
-1.26703564113
-0.178580482725
-4.07380206653
4.07375100316
0.0674338603724
-0.157441284904
4.10971498804
-4.10971536071
-4.03735659542
4.03732531805
-0.13050818421
0.22567809249
0.272380209381
-0.205103153759
0.673362072208
0.967913303111
1.19805463412
-4.02060038453
4.02055576336
-0.50179623009
-3.34334146035
2.82779962573
-3.49537691802
1.18489615746
-0.148012750091
-0.976883748626
-4.09885839023
4.09884340356
-0.0817421002604
3.1677938205
3.93315125013
-3.9330797348
0.174978659431
4.07531486892
-4.07537480973
-3.24116803521
-4.10524054275
4.10524279691
-0.0109251596944
3.31266152255
0.369641705802
-4.03477672561
4.03472659099
0.286067127432
-4.03985815892
4.03981327579
-1.68888591257
0.0964325787279
1.6012904402
-3.98295006004
3.98305901575
-4.10337065086
4.10337097117
-1.35640779308
-3.72098245553
0.0344690959139
0.539150327097
0.324303093462
3.65250330902
-3.37773348562
-3.66261304312
-4.08990551496
4.08986827582
-0.447443622911
-3.7239210088
0.788363621798
3.8169941946
-0.240611491879
1.5722422901
-3.6776016544
-3.93246077369
3.93306177823
0.60276160088
-4.1098565042
4.10985628724
-3.60178493938
1.29994928947
3.47297131985
-0.816021809902
-4.00976091791
4.00976915427
1.48542727178
-1.60471877889
0.493146183873
0.141621213938
-4.10844139936
4.10844044064
0.328776827601
1.15896320192
2.88759134862
0.10363686527
3.77181501744
-1.2033238663
-1.74198781466
-4.10642202803
4.10642522955
-0.245229631178
0.713246847701
0.121253422842
1.32869201018
-3.96529003094
3.96512085235
-3.42287806673
0.961069759327
-4.09015608601
4.09011960816
-0.117475375532
-0.382296449869
4.09292155659
-4.09295312941
0.851045199879
-4.07084564165
4.07078996063
-3.86818095988
3.87057065263
0.445504886006
3.78279927718
-4.10549226942
4.1054948565
-0.256653888479
4.10953900218
-4.10953961894
-0.177963614275
0.175227922345
0.274494573274
-3.92887982173
3.92861122447
0.345026350538
-3.66618604493
-0.0511387611601
0.820624406867
1.37707321867
0.509413428191
-0.180509800924
-2.1986724248
0.107001645993
0.20745356973
-0.0406732872544
-4.08116869821
4.08111809681
4.10489979053
-4.10489755142
-1.3112959981
-0.128360559648
-1.2968459931
-0.403562715097
-1.34167435573
-0.276571782596
0.0241285952409
0.338711070268
0.380306616436
3.17604387407
-4.10778724802
4.10778812763
0.332105268995
0.144744439792
4.09055961908
-4.09059754203
-3.31923780031
-0.527756085032
3.56615468917
4.10720109742
-4.10719933718
-1.5239537826
1.64815506132
-0.337636743358
-0.0986699154679
1.42565289624
0.0885069573936
-0.270077110713
-4.10995960885
4.10995950383
-4.10251650111
4.10251432884
-1.10774278899
-2.95916312438
0.79049789917
4.1093679702
-4.10936875949
0.425079524234
0.757232731926
0.517830138278
-2.62648270743
-0.969676547707
-0.117313431491
0.0989701404495
2.32318056477
0.195632694223
-3.8157970405
0.272587625437
-0.731951023923
4.1097017099
-4.10970246596
-4.09058540763
4.09054990296
2.43735651997
0.23669912517
1.36561730283
-1.08555034544
0.715431417939
3.05117889262
0.723737655918
1.45249589439
-0.00831566969529
3.20414366746
-4.04401510931
4.04395554106
2.51422721414
1.57723646905
-4.09782253634
4.09780581725
-1.74038104151
-0.935256767091
0.104744683389
1.61316358259
3.4494217209
-0.839544766977
-0.27305192309
3.52668319571
0.268398177638
-0.00726922459652
3.76895762008
0.269061086733
-1.93292972939
-0.752272248672
-0.491917748203
-2.25584812744
0.0267677836624
-3.37280103678
0.138904988405
0.386193980127
3.57759137276
-0.471243553517
-3.90592411254
3.90684712094
1.21729589238
-4.10303003255
4.10302967674
3.74210876294
-1.55615435228
-4.08567282547
4.0856284207
0.416895136965
-3.98622192603
3.98619992376
0.672370865527
3.50875115752
-1.15737205257
-3.32269598096
-3.07375975993
2.78975410482
-4.01984433227
4.01979063054
-0.13114723599
4.10678579913
-4.10678378726
-2.05027136423
-3.50337201439
-0.309946141042
-4.10822535062
4.10822492849
-3.36960091935
-0.708853137655
0.159179530711
-4.10270565813
4.10270399102
-1.00483711377
2.56420311442
0.0969587257103
4.10885873761
-4.10886019811
-3.9404590244
3.94026914354
-3.85952624104
3.86244601249
-0.0101490376057
0.270936449827
4.10933815322
-4.10933953872
-0.28328816438
0.048541038804
3.75756562562
1.75575435246
-0.337631597869
-0.0611049201557
-3.03638253626
1.27997501595
-4.09445467736
4.09442806364
1.22344798831
0.0034589689012
0.0214158935344
-3.16164657248
-3.65740421952
1.93881333816
-4.09182688898
4.09179413026
0.147852076489
-1.35570714558
-1.20624232697
-3.676814093
-0.830442424878
-0.0641707825793
3.63753619363
-0.0355172755429
-1.14136279441
-0.552910523359
0.73828923106
2.19894082445
-2.33280405231
0.173172865102
-0.0257157794336
0.942594167235
-0.450581349208
0.103505705125
0.185307344942
0.270989332056
0.0229648678796
3.552551378
3.35120097922
-4.10994318263
4.10994310803
4.10540590193
-4.10540334214
3.3692044021
0.0147276784995
-3.58378085213
-1.10277073143
-3.53081184986
-1.12812973087
-0.0756693960554
2.86402554657
3.95770564951
-3.95747691014
0.721464371638
-0.848297310181
-0.472446669088
0.600618968394
-0.244582025929
3.76443397626
3.8016561507
1.69432418982
0.108853007522
3.61434207808
3.21117704413
-3.28751607155
0.190363252372
1.0471949975
-1.3618544553
0.217525665605
3.27993470276
0.273891236178
-3.92542720891
3.92517348899
0.745511782769
-1.49758123947
-4.08926640317
4.08922770162
-3.68937851394
4.09332108346
-4.09335263029
-0.190619108615
-3.85794685549
3.86070486023
-0.0572791177641
-0.749927249459
-0.0538901872348
-0.479945970348
-4.07297223263
4.07291841566
-2.99988144686
0.207817203299
0.745447524602
4.108489611
-4.10849043387
-0.956712933681
-2.31530916383
0.252300225549
4.10920637632
-4.10920794456
0.770361320343
-0.660170453877
-4.03365098995
4.03360424872
0.0750248804628
4.10965738321
-4.10965786506
0.130285735149
-0.629959729184
-4.07456482584
4.07450674336
1.04628529784
4.10962482953
-4.10962581163
1.19704073371
-4.10774311713
4.10774380104
-1.06479740888
3.75553868592
-0.302683344634
-0.332818098563
-4.06682542294
4.06676239126
0.185667160144
-1.41332983489
0.793962184183
4.08516463573
-4.08521745402
0.977675954105
0.138267473873
-3.34876215764
-0.728587736608
-0.908489310484
0.515864225589
0.180409703519
-0.227685596904
0.540709519776
-3.58265593867
-3.98855400282
3.98859803792
4.09376221149
-4.09379303951
1.0481082455
-3.68597820144
-0.463467455599
4.1085951308
-4.10859580721
-0.744064139581
-0.284374039985
0.288026952498
0.222682604769
3.92616437105
-3.9258925934
-0.567143172232
1.64967034072
3.1414633332
0.779562002789
1.00788081872
-0.28433170673
0.702690473943
-4.09354343943
4.0935136204
0.471925552254
0.0518065414239
-1.02624253141
0.709093813939
2.79523837103
-0.425996533128
-3.73764865637
0.670829205669
1.55055698678
0.0854857536342
-4.10983700486
4.1098367953
-2.81652504754
-0.991590872513
-3.72017295784
3.8237265494
-0.33471307827
-4.1060752358
4.10607862406
0.161412686434
4.10874664256
-4.10874747927
0.841561501264
-0.477911124779
-3.63609061945
0.421905948047
0.130235064816
-1.34476080656
-3.27672880284
-0.276653386962
0.957552015065
0.0310048817095
-1.45120510823
0.0750237171729
0.247924140256
-0.35354935559
-4.0967133153
4.09669293822
0.721191675199
-3.00123584458
-4.10838878075
4.10838802321
-4.03955963374
4.03952311906
4.10655636228
-4.10655414137
-3.63109162548
0.735436269297
-0.191369035505
0.0836406476741
-3.32212574907
0.257333919861
0.473774102411
0.655728910438
-4.10486065759
4.10486265032
4.01126460587
-4.01128219485
3.74405491985
0.720270826459
1.48145786196
-0.475485000746
3.48488498544
-3.68787297789
-0.694857205436
-0.236987896792
-0.0807189688792
3.49612397091
4.10733057662
-4.10732885205
4.09018199884
-4.09022477541
-1.42673908016
0.621780507704
-0.0762480348622
-3.49026185964
4.10928655538
-4.10928804075
4.1087801477
-4.10878124925
-3.47021061486
-3.63558829975
-0.0959462720523
0.0291099438486
-0.0904246578331
0.648579716673
1.0228231668
0.358480019904
3.34264851294
-3.50144177319
1.42779305926
0.29436308341
-0.0855002703076
0.302757289305
-1.39334384615
3.6027365247
-1.47402790956
-2.35011137311
3.95485300772
-3.95464934606
0.211652199144
0.019124412376
0.378556091193
-4.0273692488
4.02731764653
0.16123704529
-0.763834718019
-0.420523233128
-4.10871760875
4.10871632972
-3.10777802353
-4.10129429055
4.1012892729
-4.04950310421
4.04944395396
0.758877860087
1.4805079124
0.922246882742
-0.310819004966
-0.0911767353651
-4.02663699262
4.02658184137
0.133457856125
3.51706680342
-0.123153081246
-0.390199112391
0.750764664664
-3.60078371204
-0.12733343067
-4.09454625779
4.09452057397
4.10565721266
-4.10565468076
3.73673298035
-3.79896313444
1.41683701719
1.15430901335
-0.239994313455
-0.273496979384
-0.0467222478444
-2.47933948217
-4.1053018211
4.10530420195
0.0717154640793
4.08329848864
-4.08335252935
-0.359773489814
-3.05956897272
-0.282151361519
1.62041425075
0.058516224484
4.10657486457
-4.10657261029
-1.18597336375
-4.10834577994
4.10834523191
-3.69087928101
-4.10190359685
4.1018997666
-3.62220401907
-4.07920869354
4.07915374853
0.12294950891
4.10879249294
-4.10879402221
0.76392253053
-4.10173744213
4.1017331672
-3.18122602653
4.10950371862
-4.10950436345
-4.03628412496
4.03625278588
-0.358568247065
0.0665469161414
0.299214414533
-3.94413088549
3.94393565809
-0.153561355797
4.10857472642
-4.10857546266
-2.83657680217
0.38677785464
3.51399525141
-1.28508877824
-4.10735354806
4.10735575399
0.0929616352
0.0783780784117
-0.0296128591666
-1.21520425232
-4.10165091182
4.10164612119
-3.91902355653
3.91710833942
1.41767380389
-3.44066945303
0.593317981801
0.14720524174
4.09368943844
-4.09371962372
-0.524084407499
-4.09324129868
4.09321232421
-4.10776396971
4.10776455833
-4.04975088574
4.04968881604
-0.106564181271
0.823988769066
-2.71488487141
4.10975162435
-4.10975196613
-4.10871253313
4.10871126978
0.80314656734
-0.44760646774
-0.292219131478
-4.09027430108
4.09023849282
-3.24845819661
1.46523795373
-3.77944903715
-1.95940176608
-1.55614413863
-3.93306526311
3.93306833921
4.08483482481
-4.08488675545
4.10178724106
-4.10179192371
-3.80620021313
3.80730893788
1.75661517246
-0.356943873821
1.96267952327
0.687571977309
0.18088845685
3.08369244099
1.73856573952
0.0224592984638
0.891047725578
0.0694634800475
-4.07583875692
4.07578200227
-2.37255428039
-1.23865583138
0.181882389452
1.79675446147
4.09104777949
-4.0910839556
-3.57119808922
-0.253657868216
3.98485811134
-3.98478391062
-1.66229698999
-4.09625882326
4.0962377339
1.17736919179
-4.09967059669
4.09965824321
-0.129254267891
-0.0742163584853
0.238071037486
-4.10952370913
4.10952258043
0.584380179962
-4.10874090048
4.10873956809
0.0454405615471
-4.06994543895
4.06988457551
0.162833744706
2.0166567131
-2.24213250061
-0.179160337327
-0.314274153494
1.09920638963
0.664352190284
4.10878114287
-4.10878267145
0.603673254091
-0.0875304738861
0.452830851162
-3.95562064587
3.9557841832
-4.10548464631
4.10548704729
-4.10670997839
4.10671314106
0.149381312559
0.840196474547
-0.000637426986754
2.18503970615
-4.08753721008
4.08749598901
2.14685915702
-0.103458722125
0.250980854788
-1.3784743439
0.0906652078703
-0.102097554332
3.27078339029
-0.177714197461
0.208191465962
0.188070903973
0.130337772141
-4.05328860319
4.05322437044
-0.714200833745
-4.09868079848
4.09866702431
-0.912822135143
-0.319236553785
0.14819899244
0.124321342145
0.174059446947
-0.444341198918
0.189425742216
-1.28051975345
-0.144109535245
3.96906749632
-3.96891996178
-0.101341801507
-3.68447240528
-0.306246623321
3.97472521032
-3.97459728403
0.7357450212
-0.799413944178
-0.73481194975
0.369303392011
-4.10584537356
4.1058481599
-0.296626943256
-0.0325899329426
-1.11492182739
-0.0883680727565
0.253719164581
-4.07679503648
4.0767377727
-4.10795382737
4.10795444555
-4.10439099844
4.10439307267
-0.0539665105295
0.887377215444
3.90924630194
-3.90853845705
-3.946918733
3.9469319143
-0.00721402616905
-4.05752979741
4.05746614732
-0.813649100711
1.07070963568
-4.08721263056
4.08717023176
0.147436408831
-4.10990067973
4.10990042546
0.174830807305
-0.415862683123
-4.08364482702
4.08359550496
2.30062214194
1.24996620901
-0.74646045196
-3.77964136109
-1.29120609747
0.41259749105
-4.10778443211
4.10778519592
-4.09776079855
4.09774384334
3.67313854092
-4.10645815605
4.10646145506
-0.0831179896149
0.142317687123
0.237362530554
0.0156061668547
-4.07978176739
4.07972785185
-2.70562401506
0.54130729251
1.33283766272
0.173038225618
0.561039763819
0.601352834249
3.80923095806
-0.228257427609
-1.31835668013
-0.0210880964577
1.38898938754
-3.01026146756
1.67383865328
4.1082111837
-4.10821125581
0.615963807799
4.1083330092
-4.10833329141
0.167822035779
4.1095024162
-4.10950320166
0.00158275900488
-0.241306806465
3.05579210677
-3.40906513661
4.10916846997
-4.10917004896
-4.10634028443
4.1063435811
1.0265301411
0.150647819034
-0.496687467925
4.10544300249
-4.1054403756
1.89800036564
0.0546287903023
-2.57358383985
-4.0543042674
4.0542403693
-4.03119618128
4.03116381652
3.96316618484
-3.96304413162
-4.10883847617
4.10883708393
0.106380236062
3.51393163495
-4.10746798705
4.10746960175
3.48022578558
0.383330786811
0.265307108132
0.415047301625
-3.80478017157
0.161302347982
-0.914138496728
-4.09753091826
4.09751322196
-3.79920433688
0.801349387918
3.53957459983
3.72607943535
-1.33056010582
-0.820227714069
0.0582123558101
0.395437603798
4.10921296091
-4.10921460154
3.82375619152
0.135706800482
4.08831028381
-4.08835585022
0.716926830997
0.0439612220871
1.74936778174
-0.234108893552
-0.42305469616
-3.66281324565
-0.376233911433
0.196698386145
-0.349498533932
0.23888390925
2.14566244763
0.427863657245
-4.09209126927
4.09205823395
-4.1009525854
4.10094635363
3.10747702775
-3.64656541074
0.44063936001
-0.0619480945187
-1.07814259509
-4.10036437932
4.10035591325
2.61388487354
-4.10871057183
4.10870920387
-1.01311490402
-1.16070224034
0.347274483593
-1.12700738962
-2.05083818133
-4.04392869539
4.04388825837
-4.00029573735
4.00029356669
-4.10850628975
4.10850524767
0.220616057952
-0.868254212574
-4.10747967156
4.1074815915
-4.01623933598
4.01621385419
0.273609215868
4.10594397475
-4.10594155128
-1.36465960614
-0.206164944645
-0.490687751737
-0.198203917414
3.2820323031
-0.457715178132
-0.728814947408
-3.48123185328
-4.10026656274
4.10025806795
-3.7894476328
0.187374968919
-3.99196394398
3.99198121119
3.85235400354
-3.85099306516
0.285961650294
2.00263944029
-3.63462269518
-0.280180819767
-0.297927123817
0.10124001328
-0.201893975591
3.36151589288
0.0821014246264
-4.08180041763
4.081748946
-0.0581939177199
0.386286351735
1.90784799767
2.27471570857
-3.3523989796
-4.09148079138
4.09144143293
-4.10986462693
4.10986444076
-4.09509993062
4.0950755552
-2.69248672162
-4.10755763801
4.10755895481
-3.58635615723
-0.364047234861
4.10940463123
-4.10940536348
0.26605958168
-3.4047234583
0.0443015775497
-0.257957972598
-4.08873251166
4.08868955164
0.264751287093
-0.108312131548
-0.319562756715
-0.0379496511975
1.05166038033
3.17569164628
0.822888363747
4.10406034889
-4.10405925987
-0.0514776920345
0.72924837057
0.156155880689
3.84354437923
-3.84159290958
-4.10186387938
4.10186055528
1.51201092993
0.0161270544056
3.72940971848
-0.712521643916
-4.02967613891
4.02964000335
-4.07015869234
4.07009683434
-1.36991690142
-0.0572668093
4.1060147369
-4.10601222878
-0.13070472858
0.299071171605
3.50457227533
-1.28365281776
-4.10584831475
4.10585086853
-2.75221952111
-0.647335511796
-4.10844994906
4.10844897637
3.39811897958
-4.05324053824
4.05318164655
-3.97969658209
3.97964818712
-3.78514524228
0.2270171888
-4.10855453931
4.10855335796
0.242479661572
-4.10807717359
4.10807702409
-4.07160760469
4.07154776382
-3.80342238457
3.80188004996
-3.80887430241
0.307151185999
-2.86245053156
0.652765094459
0.218083458733
1.30897522246
-0.152006921832
-1.06354954908
0.00882819173419
-0.0877705685365
4.103027472
-4.10302885445
-0.117461558522
2.18749146066
-2.44350101634
-1.16650043185
0.759057192388
0.401828245106
-1.4504792896
-1.22138896694
-4.10859042837
4.10858919245
-0.039095588949
-3.81791955292
0.0388139131033
4.10876813522
-4.10876960978
0.276202797254
-4.03770351502
4.03766612598
-1.6600627443
1.76660905509
-4.06964346439
4.06958953943
-4.10862091864
4.1086196116
4.10945527662
-4.1094565919
-2.70132071835
4.1052155642
-4.10521299939
1.12603332017
-3.7892857118
-1.118902027
-0.960926637072
-0.234185507358
2.25122654024
4.10514127686
-4.10513873077
0.517048064159
3.74452749884
2.23837792012
0.0944524164229
-0.168161626539
-3.8340594514
0.73739606088
-0.677729627277
-0.432197253371
-4.10799963444
4.10800011199
-0.0798306686637
0.285546042823
0.863068729023
-0.257984975144
0.775476476664
-2.85958760644
0.42730498463
-4.0875424845
4.08749649787
1.9518314352
-4.06585733925
4.06579533001
0.761988330451
3.44966718468
3.69452542182
-0.271004854641
-0.0918615889861
-3.7127248094
-0.367879744669
0.228525388152
0.787364760429
-1.46280541496
0.665871990643
-0.191838399315
-2.746251725
0.61923775253
-4.07817458732
4.07811956676
-0.783844503959
1.22134333932
2.71162991802
4.09501953589
-4.09504605686
4.10599271273
-4.10599019816
4.10572990427
-4.10572725729
1.17442824814
-3.98716469757
3.98724362142
-2.05962475894
-2.40527590216
-0.743490804167
-0.168750699791
2.33530423749
-2.28687863318
-3.67734452711
4.10978525084
-4.10978581562
-2.46291921441
-0.202037644811
0.429859064262
-2.36402948805
-0.175145385795
-4.09422502194
4.0941981898
-1.72052176715
-1.44968592843
-0.168286399802
-1.00689939997
-0.318074613923
0.460734211057
-0.0709193154103
-1.52137226168
-0.412011864818
0.430435366478
-0.459163275385
2.23502640789
0.0997562059673
-4.1010679867
4.10106180861
-0.238710778305
3.83548050471
-3.83405450442
-0.414757372411
-0.0637666044773
1.1838385864
4.10872346407
-4.10872491381
-2.55327081371
2.07791802625
3.81145255272
0.214005874124
-4.04150175964
4.04145871576
-0.988729656449
1.26445278524
-2.87449155586
0.270273114785
0.798205370232
0.911590753432
0.36467277077
2.84516243278
-4.09306181869
4.09303219955
0.608635207962
4.08978217918
-4.08982506108
0.371913275256
-0.151960417949
4.10347238439
-4.10347246631
1.65658842099
0.346164508679
-3.81145655363
1.47397490415
0.336960557029
0.717774444872
-0.405225568169
0.26017321215
0.320922784443
4.10438592757
-4.10438426362
-0.0584186025073
-3.42714354004
0.478894800685
0.146650396671
0.387647393812
3.26360402022
-0.122576273712
4.04624039176
-4.04630015829
2.06604938355
-3.69627358034
3.78853755914
-0.242406219366
-0.151069376868
-3.28824200311
3.86682897396
-3.8654879952
0.0728793666397
0.896796516696
0.495893623819
-4.04855603008
4.04849577255
-1.14525407101
0.84702609336
-0.155556865873
-3.54461934964
0.586205431787
-2.62636379447
3.7395414613
-3.66090727387
-4.10835442477
4.10835370038
0.302612245201
0.627260508416
-0.00263387706305
1.45037662372
1.12417465214
-0.0779066090033
0.36421353604
0.288851235002
0.0250990972391
-0.0157849125787
-1.36880911447
-3.51138676588
-3.98865606496
3.98873682948
0.329896090968
4.0901958672
-4.09023608326
-4.07187416472
4.07181304821
-3.69869729183
-0.450928972552
0.262849830116
-0.0944419494431
1.8943517833
4.10555159829
-4.10554895663
-0.0841603642454
1.90570181111
-3.9021951323
3.90298865487
2.8962392332
0.35171656543
-0.0208422340971
0.213010293019
-0.0478534646731
-4.06934446446
4.06928457589
0.349180216518
-0.24219631278
-3.78747677453
-2.43323462776
-0.0711949986573
-0.330980760658
-4.09994619228
4.09993648611
2.06698610939
0.16813439042
-3.7210216672
0.508541419458
-3.83453392425
0.979941562355
0.302776669293
-0.121103421512
-3.38030383612
-4.02224885371
4.0221879676
-0.269641403164
-0.124996355753
1.34972320681
0.283926698516
0.312408626839
0.630557660104
1.2122556956
4.10898756791
-4.10898926779
0.424273828911
0.386182960114
-3.7797309888
0.334586596541
-0.141114551094
3.38502774435
-0.037811786935
0.360573693097
-4.05189325072
4.05183208744
-0.130963103393
-2.55386990283
0.2542097013
-3.54479492293
-0.103820725833
1.50873385188
1.18135922474
0.191074879411
-4.10128566532
4.101280327
4.09062540603
-4.09066530352
2.0681959174
4.10888980741
-4.10889142964
-3.64454969842
-1.10613160004
-0.0573647214341
0.369384292219
0.560990800571
-0.107339821568
-3.95198746599
3.95207305741
1.97233556749
-3.9116516822
3.9123477008
1.98442917561
4.10580113317
-4.10579854877
0.602717892302
0.56075256652
4.08889497367
-4.08894166591
-0.312327596601
4.09605673921
-4.09608168731
1.39103730511
-0.0509556945098
0.0362454591251
4.00430399622
-4.00429747544
-0.847631197966
1.23135894639
0.661952988128
-0.392933454505
4.08189132386
-4.08194634181
-0.184051923947
4.10604429525
-4.10604198865
-0.0770688878799
0.763687089236
1.48008099801
-3.18518226251
-0.475114543911
1.15103149617
4.01852469365
-4.01855060219
0.167689297848
4.10306838326
-4.10307029454
0.361447778686
-2.50393351143
0.287183440683
-3.52382179856
2.663089818
4.1076571069
-4.10765551799
-0.565797741519
-3.7857409848
4.1090567133
-4.10905768908
-4.05762138269
4.05755637471
0.481096905634
-2.85705568743
-0.0071124395279
4.10628727981
-4.10628513602
4.10828265451
-4.10828235259
4.09804410355
-4.09806167977
3.91505718371
-3.91420340679
4.02454057246
-4.02457534956
0.225510406346
4.09182829883
-4.09186805367
4.08549475465
-4.08554807953
0.11633843683
2.8357282605
-2.33860058898
0.819335867898
4.1079926584
-4.1079916138
3.79876776183
-0.134808386599
3.75114583183
-0.242580895946
0.06555301
3.83422711729
-3.82691705544
-3.31153036142
4.0792367926
-4.07929327332
3.92872793279
-3.92810540225
4.10687650827
-4.10687448544
-3.61110319555
-3.03237175541
3.97178510687
-3.97162517538
4.06404249981
-4.06410763673
0.438665667413
-3.42150441932
-3.68329932925
4.04976581398
-4.04982806395
3.32030921737
3.02906423372
3.95294120767
-3.95262463712
3.98816891602
-3.98810058245
4.10459518979
-4.10459340922
4.09967882251
-4.09969177878
2.48729211303
4.10665167729
-4.10664959212
4.10101546963
-4.10102381515
4.09400429941
-4.09403538751
-0.977909602576
4.10383847263
-4.10383795516
4.07475707961
-4.07481753581
3.52462443686
1.03960750542
-3.74067322792
-0.655215791973
3.8636590571
-3.86100889774
4.10215463856
-4.10215936242
1.80913000878
3.59884383588
3.18651946758
4.104898524
-4.10489637463
4.10878491911
-4.10878578307
4.10931215317
-4.10931304635
4.04090226584
-4.04095622904
2.0887590095
-1.63943915512
3.71671360576
4.06966310828
-4.06972462244
4.10853992441
-4.10854026257
4.10992325714
-4.10992336976
-1.89966602614
-1.11556687484
-0.739519800701
3.66551189024
-2.22619985037
0.923634030496
3.43948787267
4.10943799346
-4.10943875776
1.6355606625
1.97559262153
2.38566933587
4.03311027273
-4.03315591445
-1.32764633122
-1.25298911192
-1.46649098336
-1.79697744967
-2.67658934343
4.10550370678
-4.10550112907
3.88934633411
-3.88786021949
4.10968841281
-4.10968885443
4.10729414171
-4.10729238392
-2.05774514734
2.24226149242
)
;

boundaryField
{
    front
    {
        type            wedge;
    }
    outlet
    {
        type            fixedValue;
        value           uniform -4.11;
    }
    inlet
    {
        type            fixedValue;
        value           uniform 4.11;
    }
    back
    {
        type            wedge;
    }
    topfluid
    {
        type            zeroGradient;
    }
    SiNxwalls
    {
        type            zeroGradient;
    }
}


// ************************************************************************* //
