/*--------------------------------*- C++ -*----------------------------------*\
| =========                 |                                                 |
| \\      /  F ield         | OpenFOAM: The Open Source CFD Toolbox           |
|  \\    /   O peration     | Version:  5.0                                   |
|   \\  /    A nd           | Web:      www.OpenFOAM.org                      |
|    \\/     M anipulation  |                                                 |
\*---------------------------------------------------------------------------*/
FoamFile
{
    version     2.0;
    format      ascii;
    class       volScalarField;
    location    "440";
    object      gradTz;
}
// * * * * * * * * * * * * * * * * * * * * * * * * * * * * * * * * * * * * * //

dimensions      [0 -1 0 1 0 0 0];

internalField   nonuniform List<scalar> 
5796
(
0
0
0
0
0
0
0
0
0
0
0
1.76426006454e-07
0
0
0
0
-5.59818113591e-07
0
1.37714921685e-08
0
0
0
0
0
0
0
0
0
0
0
0
0
-3.97129010838e-08
0
0
0
0
0
0
0
0
0
0
0
0
0
0
0
0
0
0
0
0
0
0
0
1.98326941378e-07
0
0
0
0
0
0
0
-2.17621546407e-06
0
0
0
0
0
0
0
0
0
0
0
0
0
0
0
0
0
-1.44657183574e-07
0
0
0
0
0
0
0
0
0
0
0
0
0
0
0
0
0
8.58572692937e-07
0
0
0
0
0
3.06347402264e-06
-3.08707950769e-06
0
0
0
0
0
0
0
0
0
0
3.88150751071e-07
0
0
0
2.16443273616e-06
0
0
0
0
0
0
0
0
0
0
0
0
0
0
-2.05391417375e-06
6.42585100729e-09
0
0
0
0
0
0
0
0
0
0
0
0
0
0
0
0
0
0
0
0
7.39031189435e-08
0
0
0
0
0
0
0
0
0
0
0
0
0
0
0
-9.11243264497e-10
-9.11243264497e-10
0
0
6.98018042359e-10
0
0
0
-1.65433846722e-09
0
7.76968213851e-08
0
0
0
0
0
0
0
0
0
0
0
0
0
0
-8.1028946998e-09
0
0
0
0
0
0
0
0
0
0
0
0
-3.10240443714e-10
-3.10240443714e-10
0
0
0
0
0
0
0
0
0
0
0
0
0
0
0
0
0
0
0
0
0
0
0
0
0
0
0
0
0
0
0
-2.29816739697e-08
0
0
0
0
0
0
0
0
0
0
0
0
0
0
0
0
0
0
0
0
0
0
0
0
0
0
0
0
0
0
0
0
0
0
0
9.70937573094e-09
0
0
0
0
0
0
0
0
0
-6.25938576942e-08
0
0
0
0
0
0
0
0
0
0
0
0
0
0
0
0
0
0
-1.20290487174e-07
0
0
0
0
0
0
0
0
0
0
0
0
0
0
0
0
0
0
0
0
0
0
0
0
0
-1.11588559326e-10
-1.11588559326e-10
0
0
0
0
0
0
0
0
0
0
0
0
0
0
0
0
0
0
0
0
0
0
0
0
0
0
0
0
-2.32555741302e-08
0
0
7.66486503483e-10
0
0
0
0
0
1.10026211259e-10
1.10026211259e-10
7.1233090149e-10
0
0
0
8.10000643487e-10
0
0
0
-3.72553837304e-08
-3.72553837304e-08
0
0
0
0
0
0
0
0
1.29665952654e-10
1.29665952654e-10
0
0
0
0
0
0
0
0
0
-8.66055157615e-11
0
0
0
0
0
0
0
0
0
0
0
0
0
0
0
2.543541949e-08
2.543541949e-08
0
0
0
0
0
0
0
0
0
0
0
0
0
0
0
0
0
0
0
0
0
0
0
0
0
0
0
0
0
0
0
0
0
0
0
0
0
0
0
0
3.41530036532e-08
8.34123638921e-09
0
0
0
0
0
0
0
0
0
0
0
0
6.14605436282e-09
0
0
0
0
0
0
0
0
0
0
0
0
0
0
0
4.90535927096e-08
0
0
0
0
-6.9891305642e-09
-6.9891305642e-09
0
-5.58039912483e-09
-5.58039912483e-09
0
0
0
0
0
4.42056661694e-08
0
0
0
0
0
0
0
0
0
0
0
0
0
0
0
0
0
0
0
0
0
0
-1.34230228311e-07
0
0
0
0
0
0
0
0
-8.74608868341e-10
-8.74608868341e-10
0
0
0
0
0
0
0
0
-0.000145771230655
0
0
3.75559145745e-08
0
0
0
0
0
6.44280655804e-06
0
0
0
0
0
0
0
0
0
0
0
0
0
0
0
0
0
0
0
0
0
0
0
0
0
0
0
0
0
0
1.89293332516e-08
0
0
5.77936405346e-09
-8.98884280629e-09
0
0
0
0
0
0
0
0
7.69468461949e-08
0
0
0
0
0
0
-4.6591239375e-08
0
0
0
0
0
0
0
0
0
0
0
0
0
0
0
0
0
0
0
0
0
0
0
0
0
0
0
0
0
0
0
-1.61435867137e-09
0
0
9.52186973103e-10
9.52186973103e-10
0
0
0
0
0
0
0
0
-3.14210996219e-09
-3.23694655661e-08
0
0
0
0
0
0
0
0
0
0
0
0
0
0
0
0
0
0
0.000186721505698
0
7.32467023381e-10
0
1.65363073491e-08
0
0
0
0
0
0
0
0
1.28279451146e-08
0
0
0
0
0
0
0
0
0
0
0
0
0
0
0
0
0
0
0
0
0
0
0
0
0
0
0
0
0
0
0
0
0
0
0
0
0
0
0
0
0
0
0
0
0
0
0
0
0
0
0
0
0
0
0
0
0
0
0
0
0
0
0
0
0
0
0
0
0
0
0
0
0
0
0
0
0
0
0
0
0
0
0
0
0
-3.59423511403e-08
0
0
0
0
0
0
0
0
0
0
0
0
0
0
0
0
0
0
0
0
0
0
-2.00949174195e-05
0
0
0
0
0
0
0
0
0
0
0
0
0
0
0
0
0
0
0
0
0
0
0
0
0
0
0
0
0
0
0
0
0
9.90652843224e-05
0
-6.87933086971e-08
0
0
0
0
0
0
0
0
-1.6377471103e-10
0
0
0
0
0
0
0
0
0
0
0
0
0
0
0
0
0
0
0
0
0
0
0
0
0
0
0
0
0
0
0
0
-1.39330869287e-08
0
0
0
0
0
0
0
0
1.28963506979e-07
0
0
0
-3.33901797708e-08
0
0
0
0
0
0
0
0
0
0
0
0
0
0
0
0
0
0
0
0
0
0
0
0
0
0
-0.000261559109163
0
-4.7533075751e-09
0
0
0
-6.74284656852e-09
0
0
0
0
0
0
-2.90287076249e-08
0
0
0
0
0
0
0
0
0
0
0
0
0
0
0
0
0
0
0
0
0
6.42326902438e-09
0
0
0
0
0
0
0
0
0
0
0
0
-1.00597252612e-09
0
0
0
0
0
0
0
0
0
0
0
0
6.70584938141e-09
6.70584938141e-09
0
0
2.20986407522e-10
0
0
0
0
0
0
0
0
0
0
0
0
-1.15019210637e-08
-1.15019210637e-08
0
0
0
0
0
0
0
0
0
0
0
0
0
0
0
0
0
0
0
-2.99231411259e-10
-2.99231411259e-10
0
0
0
0
0
0
0
0
0
0
0
0
0
0
0
0
0
0
0
0
0
0
0
-1.62848774655e-08
0
0
0
-7.22529569189e-09
-7.22529569189e-09
0
0
0
0
-1.95043977523e-08
-1.95043977523e-08
0
0
0
0
0
0
0
0
0
0.000208823703916
0
0
0
0
0
0
0
1.0376660437e-10
1.0376660437e-10
0
0
0
0
0
0
0
0
0
0
1.10591931306e-08
0
0
0
0
2.12456383154e-09
2.12456383154e-09
0
0
0
0
0
0
0
0
0
0
0
0
0
0
0
0
0
0
0
8.13379876229e-10
0
0
0
0
0
0
0
0
0
0
0
0
0
0
0
-3.21969733962e-08
0
0
0
0
0
0
0
0
3.84046469359e-09
3.84046469359e-09
0
0
0
0
0
1.14590631908e-08
0
0
5.85988963239e-08
0
0
0
0
0
0
0
0
0
0
0
0
0
0
0
0
0
0
0
0
0
0
0
0
0
0
0
0
0
0
0
0
0
0
0
0
0
0
0
0
0
0
0
2.72983709497e-10
2.72983709497e-10
0
0
0
-1.0073660344e-08
0
0
0
0
0
0
0
0
0
0
0
0
0
0
0
0
0
0
0
0
0
0
0
0
0
0
0
0
0
0
0
0
0
0
0
0
0
0
0
0
0
0
0
0
0
-1.74122019773e-09
0
0
0
0
0
0
0
0
0
0
0
0
0
0
0
0
-2.79088900212e-08
0
0
0
0
0
0
0
0
0
0
0
0
0
0
0
0
0
0
0
0
0
0
0
-1.99869568579e-09
-1.99869568579e-09
0
0
0
-5.05874740754e-09
0
0
0
0
0
0
0
3.99596091015e-09
0
0
0
0
0
0
0
0
0
0
0
0
0
0
0
0
0
1.20577024171e-10
1.20577024171e-10
0
0
0
0
0
0
0
0
0
0
0
0
0
0
0
0
0
-4.68790437791e-08
0
0
0
0
0
0
0
0
0
0
0
0
0
0
0
0
0
0
0
0
0
0
0
0
0
-1.74808434799e-09
0
0
0
0
0
0
0
0
0
-1.66526296312e-08
4.49307845851e-08
0
0
0
0
0
0
0
0
0
0
0
0
0
0
0
0
0
0
0
0
0
0
0
0
0
0
0
0
0
0
0
0
0
0
0
0
0
0
0
0
0
0
0
4.49078110193e-10
0
3.72735013738e-10
0
0
0
-3.10634442674e-09
-3.10634442674e-09
0
0
0
0
0
0
0
0
0
0
0
0
0
0
0
0
0
8.69387007351e-10
0
0
0
0
2.47584038812e-08
4.70781654366e-05
0
0
-3.99861874237e-09
-3.99861874237e-09
0
0
0
0
0
0
0
9.3162550115e-09
0
0
0
0
3.3730104242e-09
0
-1.56761964474e-08
-1.56761964474e-08
1.35552865724e-07
0
0
0
0
0
0
0
4.66280914516e-07
0
0
0
5.05338963879e-10
5.05338963879e-10
0
0
0
0
-6.6843003977e-05
0
0
0
0
0
9.9022606915e-10
0
0
0
0
5.71611869371e-09
0
0
0
0
0
0
0
0
0
0
0
0
0
0
0
0
0
0
0
0
0
0
0
0
0
0
0
0
0
0
0
0
0
0
0
0
0
0
0
0
0
0
0
0
0
-1.22623944257e-07
0
0
0
0
0
0
0
0
0
0
0
-1.0174608521e-08
0
0
0
0
0
0
0
0
-8.12404673799e-09
0
0
0
0
0
0
0
0
0
0
0
0
0
0
0
0
0
0
0
0
0
0
0
0
0
0
0
0
0
4.48030197178e-09
0
0
0
0
0
0
0
0
0
0
0
0
0
0
0
0
0
0
-4.70736005276e-08
0
0
0
0
3.00899069835e-09
0
0
0
0
0
0
0
0
0
0
0
0
0
0
0
0
0
3.61579919523e-08
0
0
0
0
0
0
0
0
0
0
0
0
0
0
0
0
0
0
0
0
0
0
0
0
0
0
0
0
0
0
0
0
0
0
0
0
0
0
0
0
0
0
0
0
0
0
0
0
9.79693660696e-11
9.79693660696e-11
0
0
0
0
0
0
-9.23546494904e-09
0
0
0
0
0
0
0
0
0
0
0
0
0
0
0
0
0
0
0
0
0
0
-1.83667375617e-08
0
0
0
0
0
0
0
0
0
0
0
0
-4.66902543616e-08
0
0
0
0
0
0
0
0
0
0
0
0
0
0
0
0
0
0
0
0
0
0
0
0
0
0
0
0
0
0
0
3.2695591232e-07
0
0
0
0
0
0
0
0
0
0
0
0
0
0
-1.1950769407e-07
0
0
0
0
0
0
0
0
0
0
0
0
0
0
0
0
0
0
0
-3.92511605711e-05
0
0
0
0
0
0
0
0
0
0
0
0
0
0
0
0
0
0
0
0
0
0
0
0
0
0
0
0
0
0
0
0
0
0
0
0
0
0
0
0
0
0
0
0
0
0
0
0
0
0
0
0
0
0
0
-8.85548959512e-08
0
-2.10494731949e-10
-2.10494731949e-10
0
0
0
0
0
0
0
0
0
-8.36275968417e-09
0
0
0
0
0
0
0
0
0
0
0
0
0
0
0
0
0
0
0
0
0
0
0
0
0
0
0
0
1.59249113656e-10
1.59249113656e-10
0
0
0
0
1.94401215844e-07
0
0
0
0
0
0
0
0
0
0
0
0
0
0
0
0
0
3.68165467886e-08
0
0
0
0
0
0
2.12592964936e-08
0
0
0
0
0
0
0
0
0
0
0
4.04138159799e-09
0
0
0
-2.57148532851e-08
0
0
0
0
0
0
0
0
0
0
0
0
0
0
0
0
0
0
0
0
0
0
0
0
0
0
0
0
0
0
0
0
0
-3.60723526363e-08
0
0
0
0
0
0
0
0
0
0
0
0
-2.76328724268e-08
0
0
0
0
0
0
0
-3.60490215854e-08
0
0
0
0
0
0
0
0
0
0
0
0
0
0
0
0
0
0
0
0
0
0
0
4.07418314493e-10
0
0
0
0
0
0
0
0
0
0
0
0
0
0
0
0
0
0
0
0
0
0
0
0
-3.07133071076e-08
0
0
0
0
0
0
0
0
0
0
0
0
0
0
0
0
0
0
0
0
0
0
0
0
0
0
0
0
0
0
0
0
0
-1.50385909922e-09
-1.50385909922e-09
0
0
0
0
0
0
0
0
0
0
0
-2.12590410611e-10
-2.12590410611e-10
0
0
0
0
0
0
0
0
0
0
0
0
0
0
0
0
0
0
0
0
-0.000296521517398
0
0
4.27545073112e-09
0
0
0
0
0
0
0
0
0
0
-3.13261260936e-08
0
0
0
0
0
0
0
0
0
0
0
0
0
-3.67171612512e-08
0
0
0
1.77773711057e-09
1.77773711057e-09
0
0.000326417215739
0
0
0
0
7.33069117903e-08
0
0
0
-2.19180375828e-08
-2.19180375828e-08
0
0
0
-1.44934478198e-10
0
0
0
0
0
0
0
0
0
0
0
0
0
1.49607891901e-07
0
0
0
0
0
0
0
0
1.8628095167e-10
0
0
0
0
0
0
0
0
0
0
0
0
0
0
0
0
0
-3.49534733362e-08
-2.49974647637e-07
0
0
0
0
0
0
0
0
0
0
0
0
0
0
0
0
0
0
0
0
0
0
0
0
0
0
0
0
-1.53003457395e-08
0
0
0
0
0
0
0
0
0
6.51735215335e-10
0
0
0
0
0
0
0
0
0
0
0
0
0
0
0
0
6.27575023575e-08
0
0
0
0
0
-1.24876754801e-07
0
7.96689943981e-10
0
0
0
0
0
0
0
0
0
0
0
0
0
0
0
0
4.73623199409e-10
0
0
1.5658815534e-08
0
0
0
1.91209865433e-09
0
0
0
0
0
0
0
0
0
0
0
0
3.53077055533e-08
0
0
0
0
0
0
0
0
0
0
0
0
0
0
0
0
0
0
0
0
0
0
0
0
0
0
0
0
0
0
0
0
-4.56814124178e-09
-4.56814124178e-09
0
0
0
-1.01940505766e-10
-1.01940505766e-10
0
0
0
0
0
0
0
0
5.19876688526e-09
5.19876688526e-09
0
0
0
0
0
0
1.5846504143e-07
0
0
0
0
0
1.01351750105e-09
0
0
0
0
0
0
0
0
0
-1.86299422965e-10
8.78737404808e-08
0
0
1.03792981549e-07
0
0
9.8724175214e-09
0
0
-6.14745997725e-10
-6.14745997725e-10
0
0
0
0
0
0
0
2.52371459485e-10
0
0
0
-2.10563434995e-09
0
0
0
7.19288416725e-09
7.19288416725e-09
0
0
0
0
0
0
0
0
0
0
0
0
-1.19101581896e-08
0
0
0
0
0
0
0
0
0
0
0
0
0
0
0
0
0
0
0
0
0
0
0
-5.46888523257e-08
0
0
0
-2.26029259634e-10
0
0
0
0
0
0
-3.33783397343e-10
0
0
0
0
0
0
0
0
0
0
0
0
0
0
1.88613050194e-08
0
0
0
0
0
0
0
0
0
0
0
0
0
0
0
0
-7.14274068115e-08
0
0
0
0
0
0
0
0
0
2.72653027585e-08
0
0
0
-2.20783487385e-08
-5.03932868955e-09
-5.03932868955e-09
0
0
-2.84816988036e-08
1.35307854302e-07
0
0
4.76468316057e-08
0
0
0
0
0
0
0
0
0
0
-3.41121547292e-08
-3.41121547292e-08
0
2.24493813716e-09
0
0
0
0
0
0
2.29477975752e-07
0
0
0
0
0
0
0
0
0
0
0
0
0
0
0
4.33913881298e-05
0
0
0
0
0
0
0
0
0
0
4.64036631317e-09
0
0
0
0
0
0
0
0
0
0
0
0
0
0
0
0
0
0
0
0
0
0
0
0
0
0
0
0
0
0
0
0
0
0
0
0
0
-3.97884589869e-08
0
0
0
0
0
0
0
0
0
-4.14174426449e-09
0
-7.20148326462e-09
0
0
0
0
0
0
0
0
0
0
0
-1.00460043395e-10
0
0
0
0
0
0
0
0
0
0
0
0
0
0
0
0
0
0
0
0
0
0
0
0
0
0
0
0
0
0
0
0
0
0
0
0
0
0
0
0
0
0
0
0
-4.06675589546e-08
0
1.31316637382e-08
1.31316637382e-08
0
0
0
0
0
0
0
0
0
0
0
0
0
0
0
0
0
-9.46753413154e-10
0
0
0
0
0
0
0
0
0
0
0
7.65808855522e-09
0
0
0
0
0
0
0
0
0
0
0
0
0
2.98396658002e-08
2.98396658002e-08
0
0
0
0
0
0
0
0
0
0
4.89234858811e-08
0
0
0
0
0
0
0
0
0
0
0
0
0
0
0
0
1.09659847865e-08
0
0
0
0
0
0
0
0
0
0
0
0
0
0
0
0
0
0
0
0
0
0
0
0
0
0
-3.42625016792e-10
-3.42625016792e-10
-1.77313204311e-08
0
0
0
0
0
0
0
0
0
0
0
0
0
0
0
0
0
0
0
1.22896455018e-09
0
0
0
0
0
0
0
0
0
0
0
0
0
0
0
0
0
0
0
0
0
0
0
0
0
0
0
0
0
0
0
0
0
0
0
0
0
0
0
0
0
0
0
0
0
0
0
0
0
0
2.59566140195e-08
0
0
0
0
0
0
0
0
0
0
1.60692015192e-08
0
0
0
0
0
0
0
0
0
0
0
0
0
0
0
0
0
0
0
0
0
-3.62016188284e-09
0
0
0
0
0
0
0
0
0
0
0
0
0
0
0
1.17529040269e-10
0
0
0
0
0
0
0
0
0
0
0
0
0
0
0
0
0
0
0
0
0
1.04272411372e-09
1.04272411372e-09
0
0
0
0
0
0
5.80916467629e-10
5.80916467629e-10
0
0
0
0
0
0
-1.17209345948e-10
-1.17209345948e-10
0
0
0
0
0
0
0
0
0
6.08452447449e-08
0
0
0
0
0
0
0
0
0
0
0
0
0
0
0
0
0
0
0
0
0
9.83308787466e-10
0
0
0
0
0
-8.3184103508e-10
0
0
0
0
0
1.31632768927e-09
1.31632768927e-09
0
0
0
0
0
0
0
0
0
0
-1.59826320226e-08
0
0
0
0
0
0
0
0
0
0
0
0
0
0
0
0
0
5.02755893027e-08
0
0
0
0
0
0
0
0
0
0
0
0
0
0
-1.28581889015e-08
0
5.28337863088e-09
0
0
0
0
0
0
-1.41071008341e-10
-1.41071008341e-10
0
0
0
2.96742507631e-08
0
0
0
0
0
0
0
0
0
0
0
0
0
0
0
0
0
0
0
0
0
0
-1.05130279683e-10
0
0
7.18548236576e-09
0
0
0
0
0
0
0
0
0
0
0
0
0
-2.36347284463e-09
0
0
0
0
0
0
0
0
0
0
0
0
0
0
0
0
0
0
0
0
1.30522015802e-10
1.30522015802e-10
0
0
0
0
0
0
0
0
0
0
0
0
0
0
0
-2.1269851895e-07
0
0
0
0
0
0
0
0
0
0
0
0
0
0
0
0
0
0
0
0
0
0
0
2.51027811608e-09
2.51027811608e-09
0
0
0
0
0
0
0
0
0
0
0
5.19745396792e-10
0
0
0
0
9.67378422774e-10
9.67378422774e-10
0
0
0
0
0
0
0
0
0
0
0
0
0
0
0
0
0
0
0
0
0
0
0
0
0
0
0
0
0
0
0
0
0
0
0
0
0
0
0
0
0
0
0
0
-1.70517492723e-10
0
0
-4.32724164246e-08
0
0
0
0
0
0
0
0
0
-2.30585558828e-08
0
0
0
0
0
0
0
0
0
0
0
0
0
-6.1841729143e-10
0
0
-2.48688322613e-09
-2.48688322613e-09
0
0
0
0
0
0
0
0
-2.53003694184e-08
0
0
0
0
0
0
0
0
0
0
0
0
0
0
0
0
0
0
0
0
0
0
0
0
0
0
0
0
0
0
0
0
0
0
2.73126869985e-10
0
0
0
0
0
0
0
0
0
0
0
0
0
0
0
0
0
0
0
-9.09102804433e-09
0
0
0
0
0
0
0
0
0
0
0
1.06094043659e-08
1.06094043659e-08
0
0
0
0
-1.44000755261e-08
0
0
0
0
0
0
0
0
0
0
-2.07514436503e-10
0
0
0
0
0
0
0
-5.92437189978e-10
0
0
0
-2.63996950906e-10
-2.63996950906e-10
0
0
0
0
0
0
0
0
0
0
0
0
0
0
0
0
0
0
0
0
0
0
0
0
0
0
0
0
0
0
0
0
0
0
0
0
0
0
0
0
0
0
0
0
0
0
0
0
0
0
0
0
0
0
0
0
0
0
0
0
0
0
0
2.91367106024e-08
0
0
0
0
0
0
0
0
0
0
0
0
0
0
0
-7.04819313434e-10
0
0
0
-2.59614799844e-09
0
0
-2.08822335356e-08
0
0
0
0
0
0
0
0
0
0
0
0
0
0
0
0
0
0
0
-5.4850351226e-10
0
0
0
0
0
0
0
0
0
0
0
0
0
0
0
0
0
0
0
2.67520380626e-09
2.67520380626e-09
0
0
0
0
0
0
0
0
0
0
0
0
0
0
0
0
0
0
0
-8.67542556096e-09
0
0
0
0
0
0
-4.74527626476e-10
-4.74527626476e-10
0
0
0
0
0
0
0
0
0
0
0
0.000100949485945
0
0
0
0
0
-9.12255937088e-08
0
0
0
0
0
0
0
0
0
0
0
0
0
0
0
-8.03645914312e-09
0
0
-9.02681364576e-09
0
0
0
0
0
0
0
0
0
0
-6.95478652104e-09
-6.95478652104e-09
0
0
0
0
0
0
0
0
-1.86821506495e-08
0
0
0
0
0
0
0
0
0
0
0
1.33507456671e-08
0
0
0
0
0
0
-4.89415627879e-06
0
0
0
0
0
0
0
0
0
1.91351157484e-09
1.91351157484e-09
1.58130986485e-08
0
0
0
3.56578607389e-08
0
0
0
0
0
0
0
0
-5.87718975651e-08
0
0
-1.54752894955e-08
-1.54752894955e-08
0
2.06904120971e-10
0
0
0
0
0
-4.21348999609e-09
0
0
0
0
0
0
0
0
0
0
0
0
0
0
0
0
0
0
0
0
0
1.16959272063e-07
0
-1.71431348953e-08
-1.71431348953e-08
0
0
0
0
0
-2.30773941823e-09
0
0
0
0
0
0
0
0
0
0
0
6.00563715368e-08
0
0
0
0
0
0
0
0
0
0
-4.29177665849e-08
0
0
0
0
0
0
0
0
0
0
0
0
0
0
0
0
0
0
0
0
0
0
0
0
0
0
0
0
0
0
0
0
0
0
0
0
0
0
-9.01940771308e-10
0
0
0
0
0
0
0
0
0
0
0
0
0
6.82811262045e-09
6.82811262045e-09
0
0
0
0
0
0
0
0
-3.27217889726e-09
-3.27217889726e-09
0
0
0
0
-1.27085029158e-08
0
7.57059315353e-08
0
0
0
1.12853068512e-09
0
0
0
0
0
0
0
0
0
0
0
0
0
0
0
0
0
0
0
1.12323830825e-09
1.12323830825e-09
0
0
0
0
0
0
0
0
0
0
0
0
-7.19516724029e-10
0
0
0
0
0
0
0
-3.71436993894e-08
0
0
0
0
0
0
0
0
1.01424691091e-08
0
0
-4.16745184141e-08
0
0
0
0
0
0
0
0
0
0
0
0
0
0
0
0
0
0
0
0
0
0
0
9.65391353443e-08
0
0
0
0
0
0
0
0
0
0
0
0
-1.88696285671e-09
-2.23127497466e-09
-2.23127497466e-09
0
0
0
0
0
0
0
0
0
0
0
0
0
0
0
-1.36713400118e-09
0
0
0
0
0
0
0
0
0
1.43892574234e-09
1.43892574234e-09
0
0
0
0
0
0
0
0
0
0
0
0
0
0
0
0
0
0
0
0
2.83657378689e-08
0
0
1.63395434421e-08
1.63395434421e-08
0
0
0
0
0
0
0
0
0
0
0
0
0
0
0
0
0
0
0
0
0
0
0
0
0
0
0
0
0
0
0
0
0
0
0
0
0
0
0
0
0
0
0
0
0
0
0
0
0
0
0
0
4.75268015516e-08
0
0
0
0
0
0
0
1.00509998699e-08
1.00509998699e-08
0
1.05387443405e-08
0
0
0
0
0
0
0
0
0
0
0
0
0
0
0
0
0
-2.98926310448e-09
-2.98926310448e-09
0
-1.82808694298e-09
-1.82808694298e-09
0
0
0
0
0
0
0
0
0
0
0
0
0
0
0
0
0
0
0
0
0
0
0
0
0
-1.76021160729e-09
0
0
0
0
0
0
0
0
0
0
0
0
0
0
0
0
0
0
-4.07020464082e-09
0
0
0
0
0
0
0
0
0
3.14038558199e-08
0
0
-2.50399031579e-09
-2.50399031579e-09
0
0
0
0
0
0
0
0
0
0
0
0
0
0
0
0
0
0
0
0
0
0
0
0
0
0
0
9.5156126453e-06
0
0
0
0
0
0
1.63672008727e-08
0
0
0
0
0
0
-3.86035068269e-08
0
0
0
0
0
0
0
0
0
0
0
-3.57977037321e-10
0
0
0
0
0
0
0
0
0
0
-1.32704266933e-08
0
0
0
0
0
0
0
0
0
0
0
0
0
0
0
0
0
0
0
0
0
0
0
0
0
0
-2.62036946926e-08
0
0
0
0
0
0
0
0
0
0
0
0
0
2.69327255269e-08
0
0
0
0
0
0
0
-2.55908960538e-08
0
0
0
0
0
0
0
0
0
0
1.03956618052e-08
0
0
0
0
-5.14488033576e-05
0
0
0
0
0
0
0
0
0
0
0
0
0
0
0
0
0
0
0
0
0
0
1.78664571808e-08
0
0
0
0
0
0
0
0
0
0
0
0
0
0
0
0
0
0
0
0
0
0
0
0
0
0
0
0
0
0
0
0
0
0
0
0
-4.90964948106e-10
-4.90964948106e-10
0
0
0
0
0
0
0
0
0
0
0
0
0
6.11774097915e-09
0
0
-1.22832670515e-08
0
0
0
0
0
0
0
0
0
0
0
0
0
0
0
0
0
0
-5.47369555095e-10
-5.47369555095e-10
-8.77376554283e-09
-8.77376554283e-09
0
0
8.20834294684e-09
0
0
0
0
0
0
0
-7.48659456853e-08
0
0
0
0
0
0
0
0
0
0
0
0
0
0
6.52611755245e-09
6.52611755245e-09
0
0
0
0
0
0
0
0
0
0
0
0
0
0
0
0
0
0
0
0
0
0
0
0
0
0
0
0
0
0
0
9.94430647183e-09
9.94430647183e-09
0
0
0
0
0
0
0
0
0
0
0
0
0
0
0
0
0
0
0
0
0
0
-4.82092974957e-08
0
0
0
0
0
0
0
1.93772013599e-10
1.93772013599e-10
-1.30625341769e-07
5.27214875427e-08
4.00076316596e-08
0
0
0
0
0
0
0
0
0
0
0
0
0
0
0
0
-4.58685667033e-10
-4.58685667033e-10
0
0
3.96886640013e-09
0
0
2.12110988819e-08
0
0
0
0
0
0
0
0
0
0
0
0
0
0
0
0
0
0
0
0
0
-1.10071039426e-08
0
0
0
0
0
0
0
0
0
0
0
0
0
0
0
0
0
0
0
0
0
-2.67377277726e-08
0
0
0
0
0
0
0
0
0
0
0
0
0
0
0
0
0
0
0
0
0
0
3.68569287604e-09
-5.3578819771e-08
0
-1.12019373472e-10
0
0
0
0
-3.87169950803e-08
0
0
0
0
0
0
0
0
1.14481820162e-08
0
0
0
0
0
0
0
0
0
0
0
0
0
0
0
1.97358525315e-08
0
0
-1.58630949686e-07
0
0
0
0
0
0
0
0
0
0
0
0
0
0
0
0
0
0
0
0
0
0
0
0
0
0
4.86322042564e-08
-1.24011774008e-08
0
0
-5.27197878792e-08
0
0
0
0
0
0
0
0
0
0
0
0
0
0
0
0
0
0
0
0
0
0
0
0
0
0
0
0
0
0
0
0
0
-8.06350255765e-11
-8.06350255765e-11
0
0
-2.05981320427e-08
2.04491438536e-08
0
0
0
0
-1.25702322363e-08
0
0
0
0
0
0
0
0
0
0
0
0
0
0
0
0
0
0
0
0
0
0
0
0
2.12179897822e-09
7.56287896985e-08
0
0
5.72336779129e-08
0
0
0
0
0
0
0
0
0
0
0
0
0
0
0
0
-6.60238593865e-10
0
0
0
0
0
0
0
0
2.35361886847e-08
0
0
0
0
0
0
0
0
0
0
0
0
-3.88589015215e-07
0
0
0
0
0
0
0
0
0
0
0
0
0
0
0
0
0
0
0
0
0
0
0
0
0
0
0
0
0
0
0
0
0
0
0
0
0
0
0
-7.658105403e-09
0
-4.52665331619e-09
-4.52665331619e-09
0
0
0
0
0
0
0
0
0
0
-1.21576507249e-08
-1.21576507249e-08
0
0
0
0
0
0
0
0
0
0
0
0
0
0
0
0
0
0
0
0
0
0
0
0
0
0
0
0
0
0
0
0
0
0
0
0
0
0
0
0
0
0
0
0
0
0
0
0
0
0
0
0
0
0
0
1.10661874674e-08
0
0
0
0
0
0
0
0
0
0
0
0
0
0
0
0
0
0
0
0
0
0
0
0
0
0
0
0
0
0
0
0
0
0
0
0
0
0
0
0
0
0
0
0
0
0
0
0
0
0
0
-1.95862270186e-09
-1.95862270186e-09
0
7.45517833203e-09
0
0
0
0
0
0
0
0
0
0
0
1.05374924395e-09
0
0
0
0
0
0
0
0
0
0
0
0
0
0
0
0
0
-3.7869276113e-09
0
0
0
0
0
0
0
0
0
0
0
0
0
0
0
0
0
0
0
0
0
-2.40630475309e-05
0
0
0
-9.75182586426e-08
0
0
0
0
0
0
0
0
4.10365879124e-08
0
0
0
0
0
0
0
-1.66383115154e-08
-1.66383115154e-08
0
-5.36635248783e-08
0
0
0
0
0
0
0
0
3.24769270618e-08
0
-9.39384418791e-10
0
0
0
0
0
0
0
0
0
-1.47824799486e-07
0
0
0
0
0
0
0
0
0
0
0
0
0
0
0
0
0
0
0
0
0
0
0
0
-1.85148507375e-08
0
0
0
0
0
0
0
0
0
0
0
0
0
0
0
0
-9.03503774403e-08
0
0
0
0
0
0
0
0
0
0
0
0
0
0
0
0
0
0
0
0
0
0
0
0
0
0
0
0
0
3.75619206662e-09
0
0
0
0
0
0
0
0
0
0
0
0
0
0
0
0
0
0
0
0
0
0
0
1.60841238434e-10
1.60841238434e-10
0
0
0
0
0
0
0
0
0
0
0
0
0
0
0
0
0
0
0
0
0
0
-3.49792563076e-10
0
0
0
3.55756322803e-11
0
0
0
0
0
0
0
0
0
0
0
0
0
0
0
0
0
0
0
0
0
0
0
0
0
0
0
0
0
0
0
0
0
0
0
1.88408148805e-08
0
-0.000189563813449
0
0
0
0
0
0
0
0
0
0
0
0
0
0
0
0
0
0
0
0
0
0
0
0
0
0
0
0
1.11197551821e-10
1.11197551821e-10
0
0
0
0
-8.47310125016e-08
0
0
0
0
0
2.17120197688e-10
2.17120197688e-10
0
0
0
3.64070476469e-10
3.64070476469e-10
0
8.99066446297e-09
0
1.09417706754e-09
0
0
0
0
0
0
0
0
0
0
0
0
0
0
0
4.69413491489e-10
4.69413491489e-10
0
0
0
0
0
-2.81890106367e-10
0
0
5.17279942548e-08
0
0
0
0
0
0
0
0
9.0036333043e-10
9.0036333043e-10
0
0
0
0
0
0
0
0
0
0
0
0
0
0
0
0
0
0
0
0
7.63621646642e-08
0
0
0
0
0
0
0
0
0
0
0
0
0
0
0
0
0
0
0
0
0
0
0
0
0
0
0
0
2.15347464278e-08
0
0
0
0
0
0
-1.98912501196e-08
0
0
0
0
0
0
0
0
0
0
0
0
0
0
0
0
1.27528728739e-10
1.27528728739e-10
0
0
0
0
0
0
0
0
0
0
0
0
0
0
0
0
0
0
0
0
0
0
0
0
0
0
0
0
0
0
0
0
0
-4.31361593509e-09
3.08896166074e-09
3.08896166074e-09
0
0
0
0
0
0
0
0
0
0
0
6.79568414082e-08
0
0
0
0
0
0
5.08358298671e-08
0
0
0
0
0
0
0
0
0
0
0
0
0
0
0
0
0
0
0
0
0
0
0
0
0
0
0
0
0
0
0
0
0
-4.23275053098e-09
0
0
0
0
0
0
0
0
0
0
0
0
0
0
0
0
0
0
0
0
0
5.38939942919e-09
5.38939942919e-09
0
0
0
0
0
0
0
0
0
0
6.84271960929e-10
0
0
0
0
0
0
0
0
-1.97351259771e-08
0
0
0
0
0
0
0
0
0
0
0
0
0
0
0
0
0
0
1.11060275958e-10
0
0
0
0
0
0
0
0
0
0
0
0
0
0
0
3.9165685951e-09
0
0
2.09996992716e-07
4.48893225781e-08
0
0
0
0
0
0
0
0
0
0
0
0
0
0
0
0
0
0
0
0
0
0
-6.12841861847e-09
0
0
0
0
0
0
0
0
0
0
0
0
0
0
0
0
0
0
0
0
0
0
0
0
0
0
0
0
0
0
0
0
0
0
0
0
0
2.13282202111e-07
0
0
0
0
0
0
0
0
0
0
0
0
0
0
0
0
4.16250118457e-05
0
0
0
0
0
0
0
0
0
0
0
0
0
0
0
0
0
0
0
0
0
0
0
0
0
0
0
0
0
6.16898597253e-08
0
-1.23019096567e-08
0
0
0
0
2.75751155186e-09
-2.75751155186e-09
0
0
0
0
0
0
0
0
0
0
0
0
0
0
0
0
0
0
0
0
0
0
0
0
0
-3.74964617369e-08
0
6.77164545203e-08
0
0
0
0
0
0
1.36796681344e-09
0
0
0
0
0
-1.55789369265e-09
0
0
0
0
0
0
-4.58267911317e-09
-4.58267911317e-09
0
0
0
0
0
0
1.15639004243e-07
1.48218607857e-09
1.48218607857e-09
0
0
0
0
0
0
0
0
0
0
0
-7.18111344746e-08
0
0
0
0
0
0
0
0
0
0
0
0
0
0
0
0
0
0
0
0
0
0
0
0
0
0
0
0
0
0
0
0
0
0
0
0
0
0
0
0
0
0
0
0
0
0
0
0
0
0
0
0
0
0
0
7.07377323611e-08
0
0
0
0
0
0
0
0
0
0
0
0
0
0
0
0
0
0
0
0
0
0
0
0
0
0
0
0
0
0
0
0
0
0
0
0
0
0
0
0
0
0
0
0
0
0
0
0
0
0
0
0
0
0
0
0
0
0
0
0
0
0
0
0
0
0
0
0
0
0
0
0
0
0
0
0
0
0
0
0
0
0
0
0
0
0
0
0
0
0
0
0
0
0
0
0
0
0
0
0
0
0
0
0
0
0
0
0
0
0
0
0
0
0
0
0
0
0
0
0
0
0
0
0
0
0
0
0
0
0
0
0
0
0
0
0
0
0
0
0
0
0
0
0
0
0
0
0
0
0
0
0
0
0
0
0
0
0
0
0
0
0
0
0
0
0
0
0
0
0
0
0
0
0
0
0
0
0
0
0
0
0
0
)
;

boundaryField
{
    front
    {
        type            wedge;
    }
    outlet
    {
        type            calculated;
        value           uniform 0;
    }
    inlet
    {
        type            calculated;
        value           nonuniform List<scalar> 8(0 0 0 0 0 -1.12019373472e-10 0 0);
    }
    back
    {
        type            wedge;
    }
    topfluid
    {
        type            calculated;
        value           uniform 0;
    }
    SiNxwalls
    {
        type            calculated;
        value           nonuniform List<scalar> 
166
(
0
0
0
8.10000643487e-10
0
0
0
0
0
0
0
0
0
0
0
0
0
0
-3.33901797708e-08
0
0
0
0
0
0
0
0
0
0
0
0
0
0
0
0
0
0
0
0
0
0
0
0
0
0
0
0
0
0
0
0
0
0
0
0
0
0
0
0
0
0
0
7.19288416725e-09
7.19288416725e-09
0
0
0
0
0
0
0
0
0
0
0
0
0
0
0
0
0
0
0
0
0
0
0
2.51027811608e-09
2.51027811608e-09
0
0
0
-4.32724164246e-08
0
0
0
0
0
0
0
0
0
0
0
0
0
0
0
0
-5.4850351226e-10
0
0
0
0
0
0
0
0
0
0
-1.82808694298e-09
-1.82808694298e-09
0
0
0
0
0
0
0
0
0
0
0
0
0
0
0
0
0
0
0
0
0
0
0
0
0
0
0
0
0
0
0
0
0
0
0
0
0
4.00076316596e-08
0
0
0
0
0
0
)
;
    }
}


// ************************************************************************* //
